id_num,is_pass
1442_124,1
12373_38,1
12035_21,1
11148_86,0
1362_131,1
4596_125,1
9475_130,1
19270_93,1
16699_47,1
14930_155,1
14724_43,1
17913_53,1
17705_187,1
16984_151,1
5704_130,1
6383_167,1
12237_128,1
12716_140,1
17204_100,1
9507_28,1
7356_35,1
14340_88,0
15524_159,1
283_87,1
7258_121,1
12106_26,1
12125_58,1
6466_12,1
13238_35,1
19090_124,1
19068_85,0
7459_14,1
8312_129,1
7689_90,1
11112_101,1
9267_61,1
6376_124,1
7680_124,1
15261_46,0
1976_90,0
1160_176,1
11288_30,1
1247_110,1
8393_169,1
4580_142,1
10074_165,1
12543_33,1
7102_157,1
12611_138,1
4062_99,1
7216_27,1
8474_140,1
9833_30,1
11903_104,1
7278_119,1
3452_123,1
6447_149,1
8665_65,0
6059_78,1
3313_28,1
9258_125,0
17457_187,1
18972_52,1
8030_129,1
14480_138,1
10394_58,1
16406_64,1
19448_73,1
5801_123,1
8830_129,1
11588_80,0
19681_128,0
1730_31,1
13924_153,1
4709_27,1
8421_169,1
7352_62,1
15665_44,1
2194_85,1
7928_55,1
4676_66,0
9057_55,1
12138_127,0
3758_27,1
7007_76,1
11830_141,1
18896_114,1
10712_149,1
19888_11,1
16089_153,1
2466_72,1
11051_129,1
7799_48,0
2030_158,1
19158_45,1
7509_16,1
1112_18,1
14649_42,1
11459_47,0
2439_6,0
18380_176,1
19434_43,1
15751_63,1
9611_168,1
17777_187,1
3178_15,1
12584_38,1
19945_117,0
910_164,1
8642_65,0
736_68,0
16454_99,1
12886_42,1
6216_70,1
7261_23,1
11116_24,1
13273_89,1
12296_172,1
3028_41,1
7692_13,1
5424_20,1
16249_98,1
3396_22,1
18644_61,1
12826_49,1
19940_68,1
4867_57,1
5069_95,1
5966_116,1
19389_76,1
3642_93,0
822_95,1
11884_141,1
5148_124,1
10092_65,0
8714_126,1
10197_21,1
9989_101,1
5197_131,1
14761_109,1
19951_150,1
7913_73,1
18789_110,1
14813_156,1
19915_106,1
7697_41,1
7106_118,1
10258_130,1
10887_107,1
7737_118,1
774_0,0
1759_44,1
2005_140,1
18022_128,1
7660_30,1
9941_96,1
18589_97,1
2423_181,1
13974_97,0
215_182,1
4698_68,0
1362_134,1
7508_140,1
13188_149,0
4598_81,1
9036_25,1
3619_27,1
6686_56,1
13761_106,1
2954_118,1
8178_47,1
1166_54,1
2649_88,1
18367_22,1
16640_43,1
9563_162,1
5361_21,1
17382_47,0
1253_97,1
701_25,1
10260_38,1
6978_13,1
12237_126,1
18806_80,1
4253_11,1
13626_141,1
2610_25,1
12535_32,1
19781_95,1
10875_30,1
12045_138,1
14372_172,1
1973_72,1
9507_22,1
17234_44,0
18861_131,1
15136_57,1
5313_152,1
19254_80,1
820_125,0
8981_100,1
6258_68,0
4884_2,1
8015_25,1
19267_130,1
3162_17,1
9291_58,0
14570_40,1
8579_58,0
626_154,1
16182_182,1
7228_18,1
19172_121,1
1891_48,1
3775_76,1
7826_33,1
1795_119,1
18378_101,1
2123_136,1
18993_152,1
9771_135,1
546_22,1
2081_22,1
7600_73,1
11481_25,1
8597_143,1
15154_109,1
4544_46,0
9692_155,1
7146_116,1
12508_176,1
18268_81,1
5209_133,1
6096_119,1
15034_149,1
12178_125,1
1613_30,1
6620_83,0
17287_149,1
5305_46,1
8519_131,1
3700_94,1
3985_56,0
6372_151,1
16262_6,0
7056_38,1
11588_81,0
5894_122,1
11428_130,1
19291_27,1
5025_83,0
19185_100,0
18977_130,1
3669_84,0
12743_54,1
15729_94,1
11150_21,1
17755_47,1
4785_26,1
6212_15,1
4839_82,1
18198_86,0
16698_46,1
13177_175,1
3473_133,1
2656_11,1
17962_133,1
12759_146,1
16577_110,1
2989_152,1
17296_46,0
15492_149,1
18421_138,1
13731_33,1
20011_48,1
5708_167,1
15695_45,1
10625_43,1
17909_54,1
6426_108,1
13287_176,1
10382_133,1
3723_118,1
8202_125,1
7989_132,1
2164_12,1
8225_48,0
6277_41,1
14946_110,1
5669_88,1
13032_41,1
16923_150,1
12133_94,1
1265_144,1
5122_166,1
6313_57,1
18139_76,1
2022_19,1
4785_31,1
15451_96,1
18985_152,1
16118_94,1
18602_173,1
16094_154,1
12364_30,1
19119_136,1
346_12,1
11947_32,1
20069_124,1
6846_123,1
15818_157,1
16522_160,1
9011_43,1
12765_145,1
12780_137,1
19226_91,1
13021_35,1
15691_46,0
18603_155,1
4855_12,1
4906_62,1
9775_164,1
17916_136,1
16833_154,1
12412_41,1
13965_32,1
17479_185,1
6936_17,1
19420_35,1
19155_62,1
12406_29,1
18248_93,1
17387_46,1
2517_93,1
4984_110,1
18341_133,1
7040_66,1
9946_82,0
17060_97,0
10950_82,0
18029_63,1
11791_28,1
8459_96,1
18440_52,1
14434_53,1
11201_63,1
6551_154,1
11252_22,1
16446_59,1
2157_27,1
7651_75,1
4901_125,1
19061_125,1
16230_112,1
7546_73,1
8778_30,1
18269_187,1
8135_21,1
12032_136,1
11674_135,1
3540_13,1
10889_48,0
1715_73,1
15370_100,0
4098_10,1
16454_98,1
12345_140,1
5941_78,1
14157_146,1
18963_164,1
11353_89,1
16855_46,0
18266_16,1
16653_151,1
9612_163,1
19041_160,1
4779_123,1
9226_104,1
7816_31,1
12302_107,1
9492_155,1
6323_90,0
15746_47,0
6623_171,1
10918_132,1
16176_65,0
9829_26,1
861_34,1
6289_52,1
18372_1,1
10067_22,1
983_77,1
3976_150,0
11046_31,1
18875_12,1
3707_37,1
7235_26,1
1712_156,1
19945_120,1
9345_58,1
17196_158,1
14122_43,1
11818_94,1
19731_157,1
15989_185,1
8975_63,1
7303_124,1
1724_134,1
13068_153,1
16678_160,1
16502_94,1
18949_68,1
8975_80,1
14008_141,0
19326_31,1
3172_162,1
1455_137,1
10784_84,1
16182_184,1
16258_154,1
13341_40,1
13414_89,1
10198_129,1
3911_81,1
2041_77,1
1995_64,1
14049_144,1
11831_88,1
627_84,1
5226_30,1
13017_37,1
11273_131,1
3089_131,1
6686_71,1
1074_46,0
18235_46,0
10056_137,1
2267_77,1
5799_113,0
5997_21,1
60_80,1
6940_76,1
15800_183,1
15635_182,1
11890_149,1
7142_137,1
3019_67,0
8460_25,1
6465_105,1
14939_45,1
8266_39,1
14827_149,1
3830_69,1
10935_53,1
7308_116,1
305_25,1
14185_40,1
8080_130,1
8587_99,1
8485_33,1
15534_110,1
8119_53,1
10196_22,1
19296_171,1
15267_155,1
2603_82,1
9837_170,1
12433_93,1
9423_27,1
9524_86,1
16897_179,1
6257_25,1
16161_149,1
17240_180,1
11311_126,1
14552_111,1
18957_121,1
19144_68,1
19064_152,1
11208_137,1
4333_19,1
11853_126,1
18945_159,1
1442_118,1
14103_32,1
37_55,1
475_150,1
12564_40,1
22_25,1
3852_39,1
11577_95,1
14029_143,1
15410_156,1
19481_4,1
16736_65,1
10660_52,1
15112_160,1
15234_98,0
17427_160,1
5074_81,1
3731_38,1
13475_154,1
19803_12,1
19081_118,1
3044_23,1
10549_135,1
14791_45,0
841_31,1
9925_80,1
7174_130,1
9332_104,1
14116_62,1
6873_80,1
16838_112,1
9443_43,1
8001_14,1
3778_77,1
17922_137,1
13005_138,1
15805_112,1
12227_29,1
13933_144,1
1372_134,1
13347_34,1
10861_21,1
19482_76,1
12205_104,1
1027_65,0
12989_141,1
5620_24,1
9338_52,1
8803_161,1
15162_153,1
7385_72,0
6978_14,1
18203_74,1
14757_95,1
15889_180,1
11838_128,1
2902_83,0
10368_126,1
12154_166,1
17078_183,1
17913_55,1
5307_19,1
8043_40,1
3622_82,0
10785_86,0
17980_55,1
19115_22,1
13105_87,1
8935_21,1
5090_131,1
780_96,1
3974_64,1
2734_161,1
18931_27,1
19410_18,1
5110_128,1
11988_58,0
17612_154,1
13159_52,1
6877_139,1
12362_88,0
1257_101,1
6887_75,1
1677_44,0
7092_106,1
6412_30,1
6039_23,1
8786_132,1
3622_80,0
782_8,0
12742_170,1
11454_166,1
5834_151,0
19519_52,1
18019_135,1
19103_133,1
2575_75,1
13088_149,0
9568_128,1
19234_33,1
16292_100,0
11165_98,1
2815_172,1
3390_73,1
18452_89,1
3044_21,1
10056_142,1
18701_122,1
13946_87,1
2962_57,1
18381_97,1
10334_133,1
4654_130,1
3538_72,0
18983_84,1
7657_18,1
9024_31,1
8105_103,1
18492_21,1
12307_173,1
16653_154,1
10083_43,1
3750_21,1
2079_130,1
18272_39,1
12928_57,1
4579_125,0
7276_113,1
1494_54,1
18971_15,1
14127_92,1
8984_21,1
8673_179,1
10113_141,1
15223_150,1
7505_59,1
6611_139,1
3489_113,1
12241_47,0
19221_125,1
18777_133,1
794_3,0
10702_22,1
13606_61,1
14792_45,1
4685_46,0
12110_22,1
6285_19,1
19850_43,0
9813_25,1
12342_28,1
6023_84,1
14100_34,1
2393_72,0
3744_142,1
12410_22,1
20058_170,1
13152_171,1
17455_65,1
8733_133,1
16501_181,1
821_126,1
13930_146,1
6272_122,1
17587_98,0
7330_127,1
17039_46,1
13799_153,1
4892_19,1
11792_166,1
1808_29,1
10498_155,1
2573_114,1
117_72,0
4716_139,1
2670_144,1
6595_50,1
1035_16,1
13045_32,1
17052_180,1
2370_85,1
11718_171,1
8077_157,1
3678_110,1
210_43,0
10687_22,1
1138_122,1
11246_108,1
11843_125,0
18404_144,1
4301_81,1
8507_26,1
1578_150,1
5812_48,1
1075_2,1
11570_135,1
3739_148,1
18942_60,1
18047_147,1
3042_57,1
13198_97,1
17185_45,0
6034_143,1
4950_101,1
8038_136,1
13695_38,1
5181_81,1
4305_19,1
19870_26,1
9994_54,1
12318_104,1
15979_156,1
3155_20,1
10656_127,1
6880_19,1
15872_64,1
16686_99,0
18350_80,1
2409_153,1
12195_143,1
7534_113,1
1041_66,1
15242_43,1
18826_24,1
10338_23,1
4805_113,1
8498_25,1
7634_153,1
14050_64,1
2424_60,1
2882_120,1
11514_47,0
11123_33,1
5825_22,1
19998_70,1
3449_57,1
3368_103,1
1315_120,1
9823_103,1
10676_145,1
6653_118,1
1639_185,1
6401_114,0
577_5,1
8391_42,1
13460_34,1
14429_172,1
16239_112,1
18402_129,1
5740_66,1
8090_44,1
19365_135,1
8918_101,1
8122_97,1
12016_84,1
2666_83,1
77_58,1
4704_62,1
19909_187,1
2427_62,1
1422_56,1
10613_165,1
9448_49,0
4293_164,1
14544_87,1
11247_129,1
12588_50,1
7458_11,1
6372_154,1
8867_29,1
7622_113,1
15888_44,1
12034_84,1
7236_10,1
6499_38,1
4776_25,1
18019_127,1
17671_183,1
6023_86,0
18543_27,1
1575_60,0
19311_90,1
19687_53,1
2557_17,1
3700_96,1
2097_154,1
19619_124,1
2821_132,1
11208_149,0
19807_104,1
10894_81,1
15677_152,1
7548_74,1
12915_109,1
13995_177,1
4057_122,1
13885_99,1
15904_160,1
4429_19,1
8339_28,1
17913_54,1
5037_14,1
1007_118,1
11573_166,1
9454_51,1
6900_68,1
13400_107,1
1192_74,1
446_27,1
10748_126,1
15374_61,1
18701_119,1
17208_95,1
4724_16,1
6438_31,1
9586_63,1
6165_114,1
19780_159,1
14633_33,1
16105_156,1
10990_131,1
13757_33,1
6469_19,1
3201_5,0
13771_111,1
19064_153,1
19385_14,1
3841_92,1
6268_17,1
16515_153,1
5486_126,1
279_16,1
1227_38,1
3618_16,1
19623_80,1
19172_117,1
13585_149,1
3567_13,1
6808_13,1
928_24,1
19551_29,1
14428_176,1
13433_34,1
668_7,0
3598_126,1
15030_149,1
19061_132,1
14358_105,1
17467_94,1
19752_151,1
10577_131,1
5567_28,1
2577_64,1
18665_37,1
5991_76,1
5288_70,1
8584_133,1
11814_142,1
7913_71,1
6322_16,1
11361_184,1
7431_123,1
14125_153,1
4881_144,1
4678_22,1
4609_169,1
7761_118,1
20047_125,1
1633_116,1
10090_168,1
17470_158,1
10840_82,1
3737_68,0
13975_36,1
11758_29,1
8139_84,0
9415_129,1
9401_43,0
9352_136,1
7030_122,1
10071_140,1
3025_125,1
4079_96,1
14964_61,1
19145_155,1
13738_38,1
14564_97,1
14268_90,1
9946_51,0
11766_33,1
551_83,1
3742_83,1
9272_133,1
820_131,1
18413_148,1
15199_60,1
19077_145,1
2303_23,1
11235_128,1
1457_13,1
19708_28,1
6616_80,1
8012_49,1
8572_142,1
15548_59,0
15412_47,1
6413_116,1
19439_72,0
7245_19,1
1961_80,0
4799_14,1
15293_46,0
633_66,1
223_119,1
712_128,1
14129_33,1
9149_163,1
8845_131,1
1838_8,1
6195_36,1
18493_65,0
12646_175,1
8520_24,1
7830_82,0
8950_166,1
1740_42,1
1353_113,0
6152_63,1
12739_139,1
9981_55,1
1312_166,1
5031_128,1
14492_170,1
3895_37,1
6483_17,1
16563_98,0
13364_96,1
12791_56,0
2589_14,1
5419_120,1
17358_61,1
17414_151,1
19105_52,1
15017_155,1
16177_61,1
13677_93,1
11390_161,1
4169_61,1
3768_72,0
251_44,1
8638_128,1
3260_7,0
10680_156,1
4733_159,1
3238_11,1
7959_112,1
4148_54,1
13422_88,0
14210_137,1
6007_124,1
12594_151,1
11025_171,1
13458_90,1
3437_51,0
11898_177,1
20095_2,0
9743_21,1
14112_87,1
18834_143,1
16951_157,1
16898_94,1
16991_43,0
5598_16,1
17664_149,1
16775_99,1
7032_54,1
13205_37,1
12787_99,1
16027_46,1
11754_63,1
12441_138,1
16787_45,1
11701_90,0
12277_61,1
4113_86,0
9495_135,1
3542_52,1
497_170,1
13009_60,0
19005_145,1
10688_131,1
6373_72,1
576_176,1
19534_121,1
8359_132,1
6814_16,1
16478_46,1
6546_74,1
18261_117,1
7899_113,1
12883_91,1
16075_149,1
9486_157,1
1406_71,1
11095_25,1
3365_98,1
14629_57,0
11140_83,1
14508_108,1
6615_135,1
2933_80,1
18721_50,1
2550_117,1
12440_140,1
6269_113,1
13324_88,1
6000_12,1
5087_123,1
6532_12,1
4281_83,1
8986_93,0
13719_172,1
18583_127,1
4108_179,1
13517_105,1
13571_45,1
16772_44,0
8744_86,0
12263_42,1
11813_129,1
18975_86,1
14308_177,1
13931_35,1
10582_47,0
6996_73,1
12062_169,1
4029_32,1
5560_16,1
15318_181,1
19324_135,1
11280_22,1
15699_95,1
1522_65,0
13760_170,1
2499_118,1
3917_97,1
2420_62,1
154_65,1
11095_22,1
18307_62,1
10732_63,1
4309_66,1
13862_140,1
14784_154,1
7844_115,1
5303_121,1
5805_136,1
2151_96,1
6956_124,1
13269_137,0
15789_62,1
12015_88,0
2262_113,1
2786_153,1
4929_61,1
65_57,1
13906_111,1
16786_43,1
8572_61,1
10454_25,1
20090_145,1
19533_173,1
15827_94,1
14985_184,1
896_58,1
4456_27,1
2129_35,1
1617_80,1
1993_60,0
8916_28,1
18977_126,1
991_24,1
3611_183,1
6058_114,1
12380_149,1
7358_155,1
10737_128,1
13485_142,1
5130_46,0
9189_28,1
5684_54,0
130_177,1
9449_29,1
11447_130,1
5069_98,1
733_46,0
6162_121,1
4644_76,1
16883_182,1
19140_0,0
17587_95,1
1856_148,1
870_113,0
8106_81,1
14348_37,1
5468_135,1
7600_72,1
3466_145,1
18263_61,1
8896_97,0
6272_121,1
14942_109,1
10538_37,1
7330_126,1
5984_52,1
12290_46,0
3056_80,1
18778_1,1
9471_23,1
3733_26,1
8175_142,1
19561_128,0
12044_152,1
11625_23,1
12018_100,1
18385_21,1
2926_44,0
1790_61,1
14837_153,1
14970_98,0
9071_85,1
2538_179,1
16216_65,1
11066_128,1
451_96,1
18352_141,1
13214_142,1
11488_60,0
14324_105,1
17936_132,1
3521_139,1
12879_145,1
4838_10,1
1384_10,1
12073_126,1
6247_11,1
7314_123,1
5130_43,0
825_19,1
16438_99,1
15652_182,1
5519_18,1
13337_53,1
4845_17,1
3819_64,1
7736_66,0
13910_91,1
11268_137,1
10856_94,1
4228_43,0
9463_40,1
13951_139,1
856_83,1
8069_53,1
12047_101,1
11665_145,1
16761_159,1
60_82,0
16774_186,1
555_5,1
17345_64,1
10622_88,1
3919_80,1
1450_49,1
12657_156,1
9071_80,1
5423_115,0
11813_132,1
949_38,1
2040_55,1
9024_25,1
5350_0,1
5455_128,1
6903_122,1
175_126,1
11636_130,1
10022_81,1
13569_52,1
4507_19,1
16017_158,1
9404_25,1
6459_67,1
15386_62,1
2056_134,1
7867_114,1
13589_38,1
3385_27,1
6180_64,1
18977_133,1
513_127,0
6062_72,0
17671_179,1
12864_36,1
13363_54,1
3914_142,1
19603_83,1
7968_144,1
12426_173,1
10092_131,1
9633_83,1
5637_129,1
18123_75,1
20041_53,1
4655_120,1
14109_92,1
13446_92,1
4709_21,1
3888_11,1
3816_80,0
17477_186,1
15062_183,1
18393_29,1
13086_139,1
3584_162,1
6305_17,1
8202_130,1
18010_6,0
6017_123,1
9270_62,1
1323_90,1
11451_64,1
19243_57,0
19852_106,1
5279_122,1
12394_41,1
3555_90,1
16710_151,1
12091_32,1
14831_150,1
11536_58,1
16623_46,0
6966_73,0
19667_5,0
7115_20,1
8845_130,1
1476_147,1
19717_40,1
2954_122,1
4330_15,1
10318_162,1
16752_43,1
3538_67,1
6711_73,0
19439_152,1
13200_109,1
16133_46,1
19240_28,1
7704_20,1
2629_89,0
4181_114,1
11971_178,1
19795_104,1
8274_31,1
18988_81,1
16434_94,1
5287_19,1
7214_114,1
6201_73,1
18855_73,1
15884_152,1
17241_59,0
19392_83,0
15100_182,1
15026_155,1
15630_98,0
10128_31,1
12433_88,1
11423_103,1
15663_154,1
14816_160,1
7968_147,1
12167_94,1
7508_148,1
405_24,1
7163_111,1
277_2,1
17264_47,1
15907_63,1
4494_76,1
10623_175,1
18353_129,1
10888_132,1
11436_32,1
12716_63,1
6329_20,1
14828_110,1
4940_10,1
7767_73,1
6830_119,1
17415_180,1
7945_104,1
16777_44,1
12551_38,1
849_68,0
19043_97,0
5050_80,1
12450_61,1
16773_61,1
516_45,0
14907_159,1
18400_87,1
12664_157,1
3576_90,1
15729_95,1
11148_80,1
2153_114,1
11020_133,1
10055_142,1
7731_63,1
15299_153,1
6043_69,1
19679_29,1
8168_149,1
6370_18,1
15687_57,1
9005_83,0
15899_155,1
3773_91,1
279_20,1
16856_184,1
9146_94,1
11734_133,1
8520_21,1
5314_98,0
18214_14,1
10003_54,1
15133_160,1
16812_100,1
12072_130,1
5364_26,1
14151_100,1
3138_124,1
6343_31,1
4381_13,1
14506_36,1
5053_9,0
15747_46,0
10813_167,1
14315_138,1
14405_183,1
3466_141,1
19115_30,1
18683_25,1
19395_118,1
6_26,1
12694_28,1
7594_51,1
5576_123,1
14335_140,1
7171_116,1
307_98,1
14617_42,1
10388_159,1
18538_97,0
6252_23,1
3129_143,1
10381_24,1
10290_55,1
13036_143,1
10605_49,1
15160_155,1
5576_124,1
14446_160,1
8993_33,1
17884_73,1
19461_113,1
58_43,0
16541_153,1
5455_133,1
4349_131,1
9328_141,1
19798_20,1
5923_116,1
6731_16,1
10297_135,1
11022_62,1
463_122,1
13117_39,1
3698_66,1
9771_125,1
18367_24,1
17909_56,1
17814_90,0
4642_86,0
7128_124,1
1580_74,1
483_137,1
6987_77,1
13546_176,1
7756_19,1
17871_125,1
3027_56,0
7854_128,1
15594_45,1
9758_61,1
14080_172,1
13860_155,1
7789_13,1
9173_142,1
17981_68,1
10200_59,1
9293_131,1
6363_67,0
7450_38,1
11552_31,1
18390_50,1
16966_112,1
8442_102,1
17147_100,0
17177_57,1
222_5,0
2773_128,1
19165_78,1
11939_25,1
105_130,1
374_11,1
12892_170,1
11981_164,1
3904_131,1
6789_118,1
7637_120,1
18182_0,0
7868_36,1
10794_127,1
14638_44,0
12147_136,1
805_130,1
6864_86,1
4749_71,1
2639_176,1
2686_124,1
7666_120,1
13660_171,1
6243_20,1
17871_130,1
9188_126,1
1184_21,1
9556_101,1
10633_167,1
12659_142,1
11511_138,1
18716_128,1
14642_180,1
7091_14,1
14246_170,1
5820_12,1
11605_83,1
841_30,1
13989_62,1
16718_159,1
5088_95,1
18998_11,1
4996_61,1
2271_94,1
13165_53,1
2328_22,1
8418_131,1
7549_66,0
5400_25,1
2447_67,0
4647_160,1
16448_43,0
17913_74,1
44_174,1
16066_179,1
1241_130,1
6961_19,1
11554_30,1
7123_14,1
10157_125,1
9183_169,1
6462_83,1
12478_96,1
5934_151,1
7610_16,1
850_113,1
11677_131,1
15038_95,1
11376_23,1
11990_86,1
13596_61,1
10718_159,1
1038_33,1
7441_140,1
14652_41,1
11250_150,1
7342_20,1
15540_187,1
9875_130,1
16398_153,1
15895_152,1
12105_28,1
3639_114,1
17833_103,1
17860_116,1
5363_14,1
9522_50,1
7999_16,1
12620_63,1
950_111,1
14950_156,1
5469_54,1
2431_22,1
1280_149,1
14837_155,1
12793_171,1
1918_159,1
8906_102,1
7720_88,0
2924_82,0
15121_57,1
6787_117,1
10461_21,1
10132_29,1
3098_120,1
358_42,1
7014_116,1
4207_70,1
2905_68,0
10997_133,1
2786_156,1
16652_155,1
11907_98,1
19807_59,1
6262_45,0
1338_27,1
10440_126,0
4445_32,1
18998_40,1
6152_61,1
9048_85,0
13676_146,1
13993_40,1
13226_62,1
9632_127,0
17511_43,1
1857_164,1
13806_157,1
14290_150,1
9255_133,1
1792_8,1
12726_148,1
6293_41,1
8551_133,1
6683_10,1
13967_94,1
8116_132,1
16720_44,1
12263_39,1
406_17,1
8380_163,1
12452_91,1
18887_163,1
14371_141,1
18737_48,0
15743_149,0
17994_30,1
5906_121,1
5584_57,1
14398_62,1
9828_164,1
14541_52,1
19353_26,1
16652_153,1
1293_80,1
8467_126,1
6946_14,1
19629_52,0
12179_65,0
14206_55,1
10658_129,1
16190_112,1
13716_143,1
8422_27,1
12820_38,1
8402_28,1
8004_27,1
9649_135,1
12387_177,1
9038_177,1
3538_70,1
6127_40,1
19688_148,1
8282_22,1
8359_130,1
5917_14,1
12780_138,1
774_3,0
16341_95,1
6024_134,1
6903_124,1
15769_159,1
9774_65,1
13386_177,1
13108_32,1
15072_109,1
3190_111,1
9019_27,1
3546_51,1
8768_22,1
5043_161,1
7218_135,1
6968_12,1
13427_140,1
12918_173,1
9392_178,1
16078_186,1
3698_75,1
9843_126,1
14215_147,1
11233_82,1
18785_88,0
3305_15,1
16866_159,1
8990_134,1
4575_75,1
8094_21,1
1202_34,1
5052_21,1
5983_16,1
14337_37,1
2420_130,1
18122_42,1
6831_114,1
6270_76,1
13212_50,0
19888_10,1
14554_52,1
10676_147,1
12296_178,1
7434_14,1
12245_47,1
9065_127,1
1192_73,1
10203_80,1
19133_134,1
18024_112,1
4992_178,1
4726_104,1
5321_12,1
352_128,1
5946_115,1
15267_150,1
9316_104,1
11294_21,1
10281_102,1
19572_50,1
18043_20,1
7856_123,1
7690_22,1
13562_36,1
16999_155,1
16470_94,1
5775_69,0
19875_51,1
20043_59,1
11226_125,1
3392_68,0
9463_32,1
6058_120,1
3002_145,1
4256_112,1
1686_4,0
19552_149,1
16456_154,1
14866_44,1
447_24,1
7977_14,1
7684_73,1
7915_74,1
6896_10,1
14516_48,0
2393_73,1
4550_61,1
11635_30,1
19439_157,1
16767_150,1
8522_29,1
3101_42,1
955_86,0
2929_127,1
11403_168,1
7270_123,1
4110_41,1
11825_96,1
12420_26,1
8341_127,1
6598_73,0
16627_180,1
18914_146,1
9814_81,0
5115_52,1
5703_24,1
288_153,1
2153_115,1
6722_63,1
19937_7,1
6387_12,1
8215_135,1
7069_119,1
14337_38,1
5344_57,1
19039_103,1
4093_85,0
7955_84,1
3018_175,1
8066_152,1
4910_133,1
18393_31,1
10023_139,1
7765_79,1
17599_111,1
9474_56,0
15713_149,0
19166_121,1
12324_179,1
12281_144,1
12851_175,1
12536_34,1
10448_82,1
9240_80,1
9867_103,1
3547_134,1
10428_104,1
18512_181,1
18997_138,1
8723_107,1
1130_16,1
3180_32,1
6307_51,1
1050_27,1
12723_40,1
16911_62,1
17243_57,1
15462_150,1
9788_164,1
3440_132,1
4500_39,1
11425_148,1
6372_116,1
14714_47,0
5731_42,1
14238_172,1
12650_142,1
6556_117,1
3297_66,1
11379_132,1
8832_23,1
7248_82,1
9134_28,1
18479_67,1
16934_100,0
18946_45,1
18310_94,1
880_114,0
9604_38,1
1504_154,1
5344_86,1
2163_76,1
3155_15,1
2361_103,1
14641_37,1
7751_78,1
12605_173,1
6189_70,0
17663_157,1
16378_155,1
2150_82,0
5485_152,1
3023_10,1
8831_82,1
10750_175,1
3586_75,1
3189_83,1
15675_100,1
1411_18,1
4051_126,1
2136_15,1
1847_145,1
8746_32,1
184_155,1
639_148,1
17095_154,1
19418_15,1
8330_24,1
4222_11,1
10094_157,1
10312_31,1
8777_131,1
2728_126,1
13267_140,1
19931_85,1
243_73,1
10293_102,1
6425_132,1
16368_111,1
8846_81,1
18515_72,0
11532_44,0
15058_58,1
756_16,1
9756_21,1
3978_146,1
14416_62,1
521_127,1
8985_133,1
4750_84,1
1510_16,1
6444_26,1
10773_48,1
3009_61,1
5829_184,1
4004_134,1
12836_141,1
18499_150,1
10306_134,1
11910_63,1
301_64,1
390_175,1
7650_95,1
11858_80,1
9388_45,1
13897_174,1
14275_61,1
1675_149,0
18574_62,1
19337_59,1
16967_46,0
17276_59,1
2268_64,1
18373_156,1
1127_122,1
10606_93,0
18812_97,1
19148_128,1
12569_89,1
15027_60,0
14577_57,1
14506_37,1
19981_87,1
14965_151,1
8926_84,1
3059_48,1
14647_159,1
16451_59,1
10527_132,1
5419_118,1
11586_153,1
14329_140,1
12760_138,1
19901_1,1
18507_30,1
13224_173,1
1495_22,1
17006_110,1
9823_111,1
4966_11,1
761_1,0
11532_172,1
1739_80,1
2510_37,1
8826_24,1
6180_104,1
7668_78,1
15963_62,1
1757_84,0
8956_134,1
10976_62,1
5001_94,1
2309_162,1
17473_62,1
19505_42,1
2836_114,1
7325_97,1
4738_18,1
16758_47,0
17451_44,1
5379_82,0
16302_57,1
16844_159,1
13239_87,1
13767_144,1
3821_175,1
13777_142,1
9685_99,0
5925_123,1
4609_167,1
9338_55,1
14837_152,1
9798_89,1
11741_167,1
13037_61,1
7538_61,1
908_160,1
10119_153,1
5561_122,1
8967_82,1
13329_59,0
19336_0,1
17172_57,1
1551_32,1
8817_61,1
16678_157,1
12138_131,1
2536_8,1
4870_123,1
491_83,0
14765_187,1
19873_21,1
16429_154,1
3051_118,1
14400_159,1
6226_66,0
17641_63,1
10680_155,1
1555_94,0
19237_121,1
10903_84,1
19635_121,1
17108_43,0
13920_154,1
16354_43,1
3219_23,1
15885_95,1
20055_43,0
11564_24,1
8969_131,1
8873_102,1
12605_170,1
16393_61,1
11085_80,1
14863_44,1
569_17,1
14354_139,0
1440_125,1
7524_101,1
917_68,0
5134_17,1
15971_61,1
17648_154,1
405_28,1
9023_133,1
7995_109,1
17558_45,0
4962_135,1
6430_14,1
12139_139,1
16318_184,1
17345_58,1
13949_105,1
10857_161,1
10138_25,1
9351_127,1
4260_10,1
11501_30,1
14442_181,1
18047_143,1
900_11,1
18601_58,1
816_16,1
18695_111,1
7632_69,0
19160_150,1
6494_59,1
18905_65,1
665_126,0
18035_77,1
3781_52,1
16275_181,1
19277_109,1
5656_167,1
10454_31,1
20050_45,1
12012_130,1
6077_73,1
10612_125,0
7050_160,1
10170_162,1
854_22,1
12192_40,1
19684_6,1
10918_130,1
5794_16,1
3755_18,1
14245_150,1
2510_40,1
469_35,1
17588_185,1
11687_80,1
17963_23,1
14312_65,1
17921_120,1
3089_136,1
10416_42,1
16310_47,0
15704_149,1
12792_93,0
16406_65,0
10218_166,1
5851_102,1
31_11,1
5205_134,1
6209_10,1
18099_91,1
17335_157,1
10201_39,1
9072_39,1
15071_151,1
2478_117,1
4476_43,1
8453_150,1
244_52,1
17608_98,1
1229_153,1
7623_15,1
19294_136,1
13513_107,1
14933_149,1
11930_34,1
19952_84,1
5065_116,1
730_23,1
19686_137,1
7560_116,1
3773_87,1
14264_98,0
6994_69,0
4339_83,1
77_103,1
19045_26,1
18595_77,1
17996_69,1
14485_38,1
3272_53,1
14253_53,1
13012_89,1
2502_116,1
12487_174,1
14943_186,1
15344_95,1
15292_185,1
7730_14,1
15737_65,0
226_67,0
1266_66,0
17916_127,1
17960_134,1
2745_7,0
15006_60,0
11824_135,1
13006_137,1
10310_40,1
12267_108,1
19439_149,1
3486_11,1
9273_165,1
13362_138,1
10885_25,1
18902_137,1
13275_89,0
14451_91,1
16702_151,1
10679_187,1
5684_108,1
13436_177,1
3461_83,0
7275_10,1
14059_106,1
11223_156,1
10398_131,1
11384_168,1
2683_64,1
205_23,1
16168_65,1
12070_22,1
6922_10,1
3105_149,1
1169_31,1
1490_68,0
4879_28,1
4828_167,1
16814_159,1
12986_96,1
385_76,0
15792_154,1
6779_78,1
3646_113,1
3102_56,0
11046_27,1
6937_135,1
13211_52,1
12232_61,1
11995_112,1
10939_133,1
11933_154,1
12985_48,1
14993_97,0
12823_157,1
3200_150,1
18624_35,1
17387_44,1
5705_119,1
18981_16,1
13270_148,1
11646_83,1
11198_63,1
17317_160,1
17980_48,0
7397_118,1
11646_82,1
11340_30,1
4024_12,1
4385_59,1
8687_102,1
17879_84,1
17056_45,0
7106_120,1
109_122,1
5702_13,1
16834_180,1
9270_160,1
13493_39,1
7018_114,1
12256_29,1
2318_181,1
16451_60,1
17370_160,1
8244_184,1
18059_75,1
12735_39,1
11706_107,1
8905_31,1
2408_85,0
2155_104,1
5092_11,1
9626_152,1
3728_84,1
7145_16,1
6239_35,1
19532_39,1
8764_30,1
10076_137,1
7427_122,1
3660_84,0
7513_39,1
13437_34,1
6414_13,1
18046_35,1
15539_154,1
2766_11,1
5502_145,1
17654_111,1
10338_22,1
16078_184,1
18491_117,1
10882_84,1
7096_97,1
13787_172,1
4162_176,1
19561_131,1
588_49,0
7036_59,1
11251_32,1
6877_137,1
15531_154,1
13354_158,1
6891_10,1
15410_155,1
13867_61,1
9207_129,1
5033_71,1
11399_60,1
18932_38,1
15431_97,0
8387_126,1
13289_93,0
7718_124,1
2140_77,1
19558_158,1
18078_43,0
1734_122,1
1534_125,1
16752_46,1
17245_156,1
16706_181,1
18483_132,1
12741_139,1
6385_148,1
6052_61,1
5084_27,1
17270_184,1
15421_94,1
1997_10,1
13845_90,1
1791_31,1
18392_126,1
17974_116,1
12551_32,1
455_130,1
436_15,1
15082_155,1
11718_172,1
2312_96,1
13673_139,1
17493_43,1
4950_104,1
10530_135,1
8845_135,1
8168_157,1
15004_179,1
17876_117,1
1132_91,0
2190_138,1
7743_119,1
19153_23,1
3516_98,0
13384_100,0
12624_40,1
17281_154,1
9056_21,1
10726_162,1
18217_34,1
11022_61,1
5117_77,1
12147_131,1
9984_84,1
7700_115,1
9517_44,1
1484_25,1
327_145,1
8985_64,1
6568_113,1
5728_124,1
85_30,1
4239_144,1
8387_135,1
7371_38,1
2765_0,1
6608_61,1
18851_90,1
7839_17,1
9284_134,1
8616_131,1
7501_19,1
12037_102,1
6987_79,1
7179_57,0
9159_86,0
6373_79,1
14685_99,1
4155_30,1
19294_130,1
16961_179,1
6899_123,1
2738_116,1
4781_10,1
8901_126,0
7228_20,1
15160_151,1
7740_21,1
8827_82,0
7788_11,1
15186_61,1
6249_124,1
7247_138,1
4149_66,1
1716_50,1
9528_22,1
1372_125,1
12115_128,1
6147_161,1
17418_98,1
16043_65,0
16655_45,0
3047_176,1
10457_29,1
10511_82,1
848_33,1
5640_11,1
5975_22,1
3390_78,1
3636_82,0
7612_14,1
15501_109,1
19857_45,1
1366_69,0
12660_139,0
10233_110,1
11703_36,1
7350_16,1
7084_138,1
3129_141,1
19309_128,1
7453_40,1
9572_26,1
15435_155,1
15720_151,1
10353_136,1
6637_123,1
4513_23,1
15495_57,0
17461_156,1
2077_122,1
5500_180,1
1504_153,1
2612_130,1
15063_157,1
15533_156,1
18274_183,1
9006_27,1
11441_168,1
13449_146,1
15057_185,1
4165_120,1
18314_159,1
12825_34,1
7935_47,0
10206_165,1
5250_21,1
15961_43,1
10953_96,1
20035_0,1
17143_150,0
16020_182,1
15864_158,1
10290_134,1
8180_167,1
17230_155,1
7761_119,1
14115_93,0
10349_107,1
7021_65,0
6233_18,1
7938_161,1
15904_149,1
15060_60,0
13550_146,1
16471_154,1
18425_134,1
7761_116,1
913_71,1
6771_61,1
18900_1,1
2193_167,1
11525_125,0
19698_142,1
1853_52,1
2010_14,1
16296_110,1
10478_24,1
16774_183,1
1322_77,1
3448_125,0
12320_24,1
19622_141,1
10881_43,0
14506_39,1
11019_132,1
18649_139,1
3033_125,0
16171_184,1
10144_36,1
12888_157,1
576_175,1
12797_33,1
14755_98,0
5131_45,0
12601_52,1
14328_35,1
3657_132,1
9055_133,1
13627_143,1
10549_134,1
1672_142,1
10667_31,1
9420_168,1
10696_169,1
9621_168,1
8253_89,0
18458_138,0
10394_104,1
1181_86,0
303_155,1
19262_113,1
5295_10,1
7116_69,1
15060_64,1
12860_138,0
2985_145,1
5160_14,1
7411_69,1
12265_171,1
12633_33,1
10925_31,1
288_158,1
1363_5,1
9398_81,1
1794_0,1
6430_20,1
3092_101,1
5653_24,1
180_131,1
17885_113,1
1025_34,1
10638_169,1
1640_23,1
15700_152,1
14172_141,1
1594_110,1
10857_167,1
6042_56,0
17275_156,1
15219_44,1
4919_121,1
12290_47,0
11824_129,1
10201_40,1
16330_96,1
12772_142,1
6135_17,1
7352_61,1
14319_148,1
12975_144,1
711_38,1
8073_168,1
16360_149,1
2484_54,1
16120_47,0
4911_28,1
5719_16,1
6263_32,1
2165_158,1
1234_134,1
2653_137,1
11972_127,1
14108_94,1
6210_11,1
6297_17,1
11898_175,1
4767_73,0
11582_166,1
8169_23,1
12339_88,0
989_141,1
5876_16,1
8225_51,0
4041_131,1
11376_24,1
18817_4,0
17307_58,0
14677_58,1
17098_151,1
10570_165,1
3714_123,1
4790_128,1
4255_151,1
14047_150,1
18231_97,1
15221_157,1
14154_41,1
12386_24,1
18224_92,1
8881_39,1
3913_86,0
16545_153,1
13636_99,0
13797_90,1
13151_53,1
7362_114,0
4203_80,1
13724_91,1
6866_40,1
5935_127,1
16588_156,1
17991_122,1
19138_84,0
12019_47,0
814_11,1
8556_30,1
14077_89,1
6440_11,1
18219_38,1
9504_165,1
20061_95,1
112_102,1
16253_179,1
17312_95,1
5514_73,0
3050_116,1
6059_55,1
13810_33,1
16776_180,1
7166_62,1
12787_96,1
6121_18,1
10106_134,1
10470_128,1
8698_103,1
6377_113,1
17844_63,1
16608_182,1
5254_153,1
74_12,1
2784_124,1
1641_98,1
8882_83,1
16633_154,1
14174_94,1
13447_7,0
6615_131,1
3315_137,1
4618_118,1
16756_153,1
7193_172,1
16062_46,1
6324_154,1
15600_154,1
13220_33,1
5177_85,1
12194_140,1
14792_43,1
8131_86,0
19581_67,0
2243_136,1
2540_72,0
7663_70,1
2116_52,0
10271_168,1
19331_69,0
5361_28,1
10215_31,1
6251_37,1
12329_87,1
18772_63,1
15928_64,1
7411_76,1
5750_86,0
5299_80,0
6311_45,0
7851_95,1
4268_122,1
13702_174,1
2881_127,1
6860_54,1
12829_148,1
8294_145,1
10464_171,1
19331_71,0
10215_21,1
16828_64,1
5061_98,0
3749_64,1
9449_27,1
15456_44,1
5473_30,1
11918_167,1
9087_166,1
5640_20,1
1741_11,1
7681_73,1
2059_30,1
11276_128,1
3911_82,1
10942_165,1
2846_28,1
1318_111,1
10166_130,1
12139_141,1
9179_89,0
18240_167,1
5260_14,1
4851_145,1
15493_61,1
2181_68,1
1828_5,1
5621_48,1
2071_42,1
1957_118,1
1524_52,1
1507_160,1
10512_176,1
14232_87,0
5532_25,1
6281_79,0
6686_55,1
7340_123,1
4529_108,1
19893_18,1
19824_47,0
6971_12,1
1665_135,1
18273_55,1
7574_48,1
15187_149,1
4084_16,1
7623_18,1
19940_79,1
10159_161,1
6941_114,1
7329_113,1
7324_133,1
11022_65,1
17902_23,1
15028_96,1
760_23,1
1113_154,1
13294_150,1
11182_47,0
14027_42,1
11408_80,1
10218_165,1
14260_62,1
6169_20,1
9458_55,1
18347_152,1
5114_124,1
3953_27,1
7939_125,0
7713_77,1
19800_139,1
9264_52,0
2488_91,1
3519_86,0
5239_83,1
2963_29,1
1942_74,0
12794_57,1
10278_21,1
19677_14,1
7603_75,1
16416_44,1
5931_124,1
13343_142,1
4787_101,1
10895_162,1
15163_184,1
7431_120,1
13398_153,1
18559_81,1
16984_158,1
3146_67,1
19728_96,1
1906_121,1
12747_42,1
7088_86,0
10220_101,1
4866_157,1
8319_165,1
18572_149,1
6907_86,0
8064_163,1
18288_96,1
10325_163,1
8401_126,0
17991_118,1
16166_160,1
4902_16,1
15254_180,1
14503_143,1
5288_73,1
3685_29,1
6851_158,1
464_12,1
326_17,1
14628_179,1
5184_104,1
12279_173,1
13783_64,1
5647_29,1
3316_82,1
4611_54,1
4364_14,1
16685_155,1
2755_40,1
10244_85,0
8239_110,1
8823_130,1
11323_23,1
3157_133,1
13453_32,1
16074_97,0
14207_95,1
13260_174,1
14267_170,1
14603_52,1
19200_79,1
19430_48,1
18103_22,1
4156_89,1
7048_113,1
19375_93,0
8308_52,1
15258_97,0
9157_140,1
5034_58,1
7171_120,1
1200_123,1
7059_69,0
6304_13,1
12097_135,1
5692_149,1
3938_31,1
2895_116,1
19990_138,1
14589_112,1
15889_182,1
18122_33,1
12597_173,1
10721_84,1
7242_10,1
1455_146,1
15647_110,1
18100_87,1
7268_28,1
18548_81,1
14302_105,1
11294_22,1
14050_88,1
8017_15,1
7951_28,1
6666_114,1
18198_85,1
1841_152,1
13680_40,1
14381_108,1
8428_142,1
19282_133,1
2016_43,0
1530_23,1
13166_148,1
15893_47,1
1176_14,1
8513_137,0
6377_122,1
2231_149,1
4953_18,1
7904_81,1
2845_68,1
4062_98,1
11890_159,1
5237_167,1
5342_62,1
7922_13,1
3263_172,1
3893_83,0
8212_164,1
4309_63,1
3699_146,1
4738_17,1
15107_152,1
12693_106,1
15244_46,1
9425_28,1
18053_122,1
3421_181,1
10288_171,1
5177_80,1
2866_22,1
17547_47,0
14536_42,1
7111_20,1
14897_158,1
14915_180,1
1755_165,1
8819_22,1
17176_96,1
14935_97,1
19133_127,1
6354_118,1
5702_19,1
4489_152,1
7825_67,0
18539_150,1
4045_33,1
1462_126,0
5287_20,1
9235_1,1
12652_139,1
8345_82,1
17788_95,1
3831_170,1
16439_57,1
9055_135,1
15866_44,1
14090_170,1
5905_134,1
3998_27,1
12452_90,1
16083_180,1
1288_49,1
3803_86,0
2879_173,1
3352_124,1
19634_51,1
13424_46,0
19589_6,0
14409_176,1
18945_157,1
14360_143,1
3025_127,1
2570_52,1
10084_63,1
3372_160,1
301_59,1
11990_81,1
17022_43,1
10504_129,1
14256_143,1
16002_158,1
13514_59,1
1183_138,1
783_157,1
14021_170,1
12769_49,1
18997_140,1
19935_18,1
2141_65,0
2893_113,1
14749_179,1
239_98,1
18508_23,1
12838_140,1
18310_95,1
11782_24,1
1157_86,1
17817_126,1
13074_59,1
5070_128,1
15112_149,1
2075_29,1
310_76,1
12351_148,1
1858_140,1
5975_31,1
11765_172,1
63_115,1
12159_167,1
13758_47,0
16201_44,0
9610_64,1
10891_152,1
1109_73,0
7736_68,0
6687_120,1
569_10,1
339_21,1
7423_75,1
12744_140,1
9311_25,1
13771_112,1
2754_93,0
17954_152,1
1470_152,1
6714_15,1
4395_11,1
13205_39,1
7572_114,1
3349_118,1
5524_95,1
18360_159,1
16580_96,1
12033_63,1
7864_29,1
6302_19,1
10646_131,1
9486_159,1
10251_161,1
9188_125,1
9811_166,1
909_56,1
1223_107,1
3035_4,0
7422_128,1
13312_173,1
16110_160,1
1048_44,0
11719_30,1
13205_35,1
18724_9,0
7101_18,1
14459_186,1
17648_158,1
10051_31,1
4292_138,1
16130_157,1
1592_21,1
14967_158,1
1684_149,1
15268_158,1
4112_65,1
10723_6,0
4435_99,1
791_149,1
8271_161,1
18410_44,1
19358_125,1
1542_27,1
4049_77,1
16587_159,1
2443_73,1
14609_105,1
16580_100,1
8473_53,1
14130_146,1
5292_114,1
5369_32,1
10514_164,1
12152_28,1
662_133,1
3567_12,1
951_76,1
19285_109,1
4902_20,1
9256_42,1
4880_80,1
14466_138,1
1511_18,1
14172_137,1
7955_83,1
15221_158,1
13930_63,1
20030_114,1
9243_156,1
6425_133,1
6418_19,1
15706_157,1
14992_180,1
11529_25,1
7458_16,1
8973_127,1
1229_150,1
16363_109,1
8027_74,1
11724_100,1
17029_156,1
12414_22,1
13030_112,1
4147_121,1
16330_97,1
478_18,1
10264_131,1
10711_34,1
19570_152,1
11273_135,1
4345_93,0
5123_184,1
14058_33,1
9931_134,1
1457_19,1
18743_120,1
9065_128,1
8224_167,1
18669_52,0
9085_30,1
766_83,0
8849_94,1
19418_17,1
16193_46,1
3993_11,1
6774_167,1
17394_57,1
18069_64,1
552_66,0
11967_81,0
905_63,1
8658_140,1
18743_121,1
18168_166,1
14408_176,1
18818_72,1
12802_88,1
8596_84,1
14644_185,1
16891_62,0
347_164,1
6801_16,1
10953_95,1
8715_41,1
8760_44,1
12465_21,1
16366_156,1
2326_36,1
11114_104,1
8053_132,1
10341_162,1
10819_83,0
11431_54,1
19710_148,1
6532_19,1
16710_154,1
5832_22,1
13161_42,1
9015_167,1
1201_140,1
506_130,1
18556_159,1
19929_94,1
16056_160,1
13371_172,1
11737_42,1
5858_11,1
3880_151,1
19446_75,1
10760_27,1
13270_147,1
19996_99,1
6981_10,1
19025_45,0
11420_146,1
19697_71,1
13246_34,1
7320_85,1
15513_111,1
6357_19,1
15134_94,1
12856_175,1
4438_66,0
13858_41,1
17221_46,0
7575_27,1
16147_109,1
3099_159,1
1310_115,1
384_73,0
14806_182,1
17344_44,1
9715_164,1
12468_63,1
17061_97,1
17043_179,1
15345_152,1
17555_44,0
2304_89,1
4872_124,1
2151_97,1
11721_81,1
4004_129,1
3443_66,0
3230_4,0
14111_157,1
19205_53,1
16646_100,0
14685_100,0
1676_101,1
5387_73,1
17946_120,1
9563_164,1
18774_55,1
12560_87,0
12652_144,1
4057_123,1
8012_56,0
11321_30,1
546_31,1
776_17,1
11251_39,1
15586_153,1
16869_154,1
5393_84,1
14124_53,1
7356_38,1
10348_154,1
11641_163,1
9561_133,1
13537_36,1
15924_46,0
10538_35,1
19420_39,1
8905_28,1
4162_178,1
15097_155,1
7260_170,1
9295_24,1
6645_25,1
19945_123,1
12718_42,1
11353_91,1
5405_14,1
11326_131,1
14294_87,1
10140_30,1
7022_27,1
7290_14,1
12250_30,1
18256_142,1
2007_101,1
9567_131,1
17439_183,1
9757_128,1
6599_69,0
7754_17,1
1123_104,1
17225_158,1
7834_116,1
2983_81,1
10310_32,1
18868_6,1
8266_37,1
2083_147,1
3891_96,1
1422_53,1
11364_29,1
14702_43,1
13049_173,1
7630_20,1
16095_57,1
16840_45,1
243_79,1
18611_143,1
18502_143,1
19858_137,0
1577_98,1
12530_27,1
6857_122,1
3169_73,1
3225_112,1
19643_18,1
1335_68,0
15353_112,1
12517_52,0
2433_135,1
11198_61,1
9945_82,1
10301_46,1
3425_73,1
10469_165,1
11054_169,1
19758_148,1
9168_95,1
15285_9,0
13068_154,1
18012_62,1
10713_83,1
9783_128,0
18502_140,1
12007_168,1
10023_147,1
15672_98,0
8199_168,1
1109_74,0
14049_140,1
15897_182,1
18288_89,0
17208_99,0
250_63,1
6642_123,1
14395_141,1
6881_13,1
11051_128,1
6847_54,1
7938_163,1
6300_14,1
7145_17,1
11738_126,1
6721_36,1
12643_144,1
17721_44,1
1359_42,1
9380_127,1
7242_11,1
6936_13,1
10824_125,1
7494_106,1
16802_98,1
16403_43,1
13122_146,1
18802_135,1
17160_43,1
7183_119,1
6751_130,1
5143_47,1
1961_81,0
6589_29,1
6487_59,1
19258_5,1
17449_185,1
1805_125,1
3961_67,1
8313_126,1
9167_169,1
18733_33,1
13585_156,1
127_24,1
14683_109,1
8611_82,1
983_76,1
8096_154,1
4913_64,1
12504_143,1
19415_3,1
11133_104,1
6728_78,1
7448_19,1
9499_81,1
3254_11,1
394_124,1
14719_44,0
15637_60,1
732_155,1
10534_102,1
18906_100,1
6486_11,1
9936_128,1
18346_120,1
4219_131,1
4817_23,1
10188_27,1
12953_93,0
4108_180,1
17385_62,1
12333_22,1
3263_177,1
10322_53,1
6418_11,1
6246_155,1
11428_126,1
15591_159,1
19697_68,1
4344_52,1
3146_76,1
8082_110,1
14998_182,1
17376_94,1
10461_26,1
15184_96,1
17625_47,1
17945_36,1
9277_65,0
4363_16,1
7590_60,1
913_66,1
11214_53,1
12448_159,1
2988_86,0
3995_95,1
12912_171,1
8066_156,1
3177_15,1
6458_19,1
1809_134,1
5642_10,1
14076_53,1
3680_29,1
3076_121,1
14668_182,1
5729_75,0
14176_55,1
6406_160,1
7890_64,1
11245_166,1
10263_111,1
11037_52,1
10462_161,1
8046_31,1
16384_187,1
6426_106,1
7329_115,1
18478_4,0
132_118,1
3994_58,0
9389_152,0
11871_163,1
11866_171,1
12668_33,1
14166_170,1
8219_24,1
3605_124,1
469_32,1
17169_46,0
4354_124,1
8648_24,1
9914_80,1
8052_61,1
4332_23,1
4269_75,1
2211_155,1
9026_84,1
1651_11,1
13799_150,1
12740_142,1
17081_44,0
8675_135,1
5062_130,1
7634_157,1
4240_95,0
4705_44,1
1362_126,1
3905_52,1
14836_153,1
13832_35,1
15992_159,1
5398_58,0
13185_33,1
19237_116,1
13814_39,1
6232_84,0
18225_88,0
1140_66,0
14203_89,1
507_4,1
9122_99,1
9995_102,1
17404_185,1
2418_132,1
7202_20,1
8127_11,1
5888_114,1
10178_47,0
11915_31,1
6353_113,1
9402_83,1
17286_156,1
349_97,1
4735_162,1
4879_24,1
3626_13,1
11558_21,1
11601_126,1
20097_43,1
7406_82,1
1608_5,1
945_125,1
8272_126,1
3661_13,1
12631_174,1
465_109,1
575_29,1
15739_154,1
8079_60,1
14817_154,1
10760_25,1
14983_43,1
258_124,1
14499_140,1
11951_128,1
1187_7,1
18848_110,1
5861_10,1
16573_96,1
4882_72,1
5676_21,1
19548_82,1
9866_33,1
8545_126,1
11069_86,1
9079_129,1
7265_113,0
7229_40,1
1501_167,1
2543_186,1
993_145,1
8522_31,1
13099_42,1
17782_154,1
11873_155,1
15645_44,0
1506_58,1
8825_149,1
12208_62,1
9662_21,1
7177_126,1
2803_100,1
11347_56,1
18875_15,1
4352_23,1
10553_132,1
11145_180,1
9715_167,1
14134_141,1
13336_148,1
16277_152,1
4159_23,1
16530_47,1
11288_22,1
3374_158,1
6856_119,1
14517_90,1
7601_118,1
10676_139,1
16253_186,1
6616_81,1
15348_150,1
3420_127,0
2189_122,1
2227_39,1
19108_105,1
8097_101,1
12799_178,1
9877_101,1
7996_184,1
14337_32,1
14945_57,0
5786_57,0
8592_43,1
6214_20,1
11020_125,1
1138_118,1
4147_113,1
7383_117,1
18156_43,1
704_163,1
1244_166,1
9785_59,1
8761_131,1
5566_81,0
18494_125,1
7988_156,1
3945_33,1
19502_2,0
11896_174,1
12843_175,1
13130_38,1
16951_160,1
10942_162,1
7061_109,1
7605_19,1
17927_116,1
12083_162,1
18509_36,1
12243_137,0
8120_46,0
16506_149,1
3016_118,1
2066_156,1
12703_37,1
17334_95,1
7978_167,1
9116_130,1
14171_159,1
5664_135,1
9966_169,1
2518_146,1
11482_102,1
19466_33,1
13114_64,1
16117_98,1
11029_63,1
19471_116,1
8491_130,1
9515_161,1
8710_50,0
11268_148,1
8707_25,1
14705_153,1
5553_155,1
8255_25,1
7015_116,1
18452_87,1
13552_98,0
13928_48,0
9628_158,1
16334_149,1
9705_83,1
14505_42,1
10037_83,1
873_142,1
8329_23,1
12556_140,1
9448_132,1
14103_36,1
3142_26,1
4941_51,1
2174_187,1
18797_126,0
14457_178,1
12767_145,1
8630_136,1
11473_133,1
4156_87,1
3277_120,1
13059_97,0
7449_120,1
6313_50,0
963_30,1
150_21,1
1803_121,1
1930_28,1
4341_11,1
327_141,0
9384_97,0
1689_163,1
14370_42,1
11008_63,1
10136_162,1
17337_43,1
7265_118,1
7102_160,1
1671_135,1
12195_148,1
11892_161,1
6915_74,1
1845_96,1
14384_108,1
13125_41,1
18028_158,1
17267_110,1
9981_49,0
16429_65,0
9553_30,1
2293_149,1
8409_40,1
2385_79,1
15009_151,1
765_73,1
9357_133,1
17153_45,1
11002_161,1
14089_171,1
13431_145,1
5504_122,1
6253_142,1
1460_140,1
10662_48,1
3028_35,1
4827_113,1
18059_74,1
4653_102,1
10243_23,1
12502_45,0
4354_117,1
6419_69,0
15228_160,1
7420_72,0
16837_95,1
15173_112,1
7795_81,0
19653_138,1
15427_111,1
19906_115,1
18893_83,0
9728_162,1
2216_0,0
5074_83,1
15315_157,1
13500_138,1
2784_115,1
12260_107,1
1038_42,1
7372_119,1
17923_29,1
739_101,1
4450_21,1
14468_177,1
7856_118,1
4556_122,1
5945_120,1
4532_38,1
4901_129,1
6217_22,1
11779_161,1
18772_57,1
11481_28,1
18866_83,1
14904_156,1
4348_122,1
7393_127,1
12497_32,1
7467_124,1
11161_46,0
19373_106,1
8125_11,1
975_4,0
2056_133,1
10899_103,1
19259_55,1
5214_14,1
9906_53,1
14958_150,1
14598_35,1
2705_159,1
17520_64,1
6605_12,1
218_131,1
2944_27,1
9039_57,1
8789_31,1
7650_83,0
9438_101,1
16718_154,1
18085_19,1
3750_26,1
4510_172,1
18786_123,1
10927_30,1
15725_47,0
524_54,1
2457_139,1
2579_67,1
4509_27,1
13069_92,1
9455_80,1
951_74,1
15431_95,1
12575_53,1
18132_125,1
9286_166,1
9404_28,1
11706_50,1
17896_7,1
15130_95,1
758_92,1
13040_107,1
1532_114,1
13255_33,1
5944_116,1
8910_33,1
717_101,1
13961_138,1
9798_88,1
15039_154,1
15176_44,1
14489_51,1
6823_76,1
6447_155,1
9251_21,1
7466_16,1
85_26,1
16683_160,1
3271_62,1
7729_74,1
6708_75,1
14148_170,1
5482_11,1
9254_28,1
14602_105,1
5855_54,1
3092_102,1
2603_80,1
7319_150,1
5871_85,1
8256_133,1
3004_79,1
17712_152,1
8296_42,1
19003_129,1
3259_40,1
10582_43,1
13308_39,1
14128_139,1
15093_156,1
4811_71,0
10601_53,1
6911_12,1
17942_67,0
922_7,1
18365_116,1
3981_57,1
16465_45,1
2491_116,1
4304_124,1
15805_110,1
6084_21,1
5804_121,1
4824_11,1
8561_154,1
19667_0,1
17925_42,1
11983_131,1
2899_178,1
8956_126,1
4703_86,0
11608_130,1
2114_165,1
8842_45,1
6950_75,1
13117_41,1
7005_17,1
18238_160,1
4862_72,0
18639_122,1
13337_56,1
18799_29,1
18531_60,0
16515_158,1
4867_64,1
15852_59,1
11715_47,0
15157_180,1
18432_21,1
4479_22,1
6768_66,1
9969_139,0
11360_81,0
10449_60,1
8267_36,1
10476_111,1
20092_127,1
13646_137,0
8892_85,1
19500_41,1
5517_122,1
4469_19,1
5222_128,0
3704_138,1
13512_32,1
18884_36,1
4673_20,1
19397_152,1
18838_30,1
12481_40,1
1476_146,1
6382_15,1
2005_137,1
10961_145,1
18626_25,1
1411_10,1
5330_16,1
19759_97,1
128_84,0
9271_168,1
18895_177,1
17987_150,1
18265_94,1
274_27,1
5420_74,1
19697_70,1
8625_51,1
2201_0,1
1528_62,1
11714_87,1
8985_131,1
2088_66,0
17059_95,1
12648_172,1
18556_157,1
15761_158,1
3757_31,1
7232_108,1
12122_86,1
14738_149,1
7727_10,1
4550_83,1
8024_85,1
9597_53,1
6439_68,1
1748_26,1
18591_122,1
6748_85,1
7720_90,0
18473_11,1
6811_61,1
12149_171,1
11105_27,1
9383_21,1
9254_24,1
7021_63,1
524_132,1
13183_39,1
10918_135,1
10967_126,1
6823_72,0
9101_39,1
3489_118,1
4485_43,1
6385_137,1
14476_151,0
13913_139,1
11321_27,1
6969_13,1
9420_169,1
9630_154,1
7902_34,1
1993_62,1
882_110,1
10091_167,1
7438_127,1
14427_177,1
6017_114,1
18273_54,1
6659_68,1
14127_88,1
18086_6,1
17858_88,1
3661_17,1
5163_61,1
19534_124,1
7649_144,1
2870_49,1
1501_165,1
7259_59,0
11605_51,0
6517_121,1
1046_127,0
18838_22,1
3982_40,1
13686_138,1
9309_108,1
6270_74,1
18060_43,1
10345_65,1
7872_80,1
3244_29,1
15489_110,1
14718_99,1
1369_137,1
14036_145,1
16508_110,1
17796_182,1
7302_75,0
231_77,1
8140_149,1
13676_147,1
3268_150,1
4052_113,1
10642_61,1
12883_59,1
9300_38,1
5893_68,1
6502_11,1
18685_54,1
19323_129,1
2535_72,0
12354_147,1
414_129,1
147_180,1
8607_95,1
12419_33,1
10956_136,1
13331_109,1
6446_119,1
7928_56,0
11535_83,1
1399_28,1
16518_95,1
14470_36,1
12921_170,1
18842_74,0
330_10,1
15801_45,0
6386_114,1
2618_104,1
187_81,0
9875_135,1
12415_25,1
1149_17,1
4791_172,1
7002_159,1
9976_58,1
6014_149,1
13655_144,1
4496_7,0
3727_17,1
12363_138,1
8943_168,1
17172_110,1
14494_88,1
4949_130,1
16304_151,1
14536_32,1
277_0,1
10688_126,1
6250_122,1
14633_32,1
291_67,1
7413_127,1
8389_99,0
738_123,1
17958_160,1
11440_31,1
18360_152,1
344_152,1
17999_8,0
12922_87,1
2171_61,1
1226_125,1
2908_87,0
13783_61,1
13738_39,1
3770_149,1
12685_137,1
14453_154,1
1251_72,0
19689_82,1
10133_24,1
1305_44,0
8221_65,0
4006_16,1
3568_13,1
8038_127,1
3687_10,1
329_151,1
2267_76,1
6489_122,1
19691_81,0
14373_32,1
15627_44,1
8763_24,1
18474_158,1
315_19,1
9866_34,1
6158_115,1
5730_61,1
7003_26,1
4896_181,1
6025_11,1
9277_86,1
3465_67,1
3836_80,0
14836_63,1
13130_33,1
5591_90,1
10230_31,1
14902_111,1
2999_6,0
6970_21,1
9564_168,1
11201_59,1
3472_121,1
13479_38,1
7083_47,0
4913_60,1
15824_149,1
10204_163,1
18013_43,0
17331_57,1
19138_86,0
17104_60,1
4314_63,1
11905_81,0
13439_100,0
10875_24,1
15962_46,0
3496_126,0
9587_131,1
12971_92,1
15095_185,1
20067_62,1
7404_13,1
5728_117,1
5544_128,1
17005_61,1
6421_112,1
16222_94,1
14055_139,1
18777_130,1
3669_82,0
10238_173,1
16965_152,1
9372_154,1
1252_91,0
6129_33,1
14611_37,1
8982_50,1
13736_48,1
5606_127,0
5167_75,1
3380_98,0
3712_39,1
5074_85,1
8422_22,1
7858_50,1
10230_30,1
19865_67,1
19100_80,1
7810_13,1
20014_81,0
4246_39,1
3661_19,1
19903_169,1
539_3,0
10536_130,1
17017_150,0
17549_44,1
3292_112,1
8123_81,0
15128_97,1
10734_95,1
19325_75,1
10163_28,1
6476_73,1
12060_170,1
3858_103,1
10250_151,0
2133_81,1
11143_139,1
993_143,1
15943_159,1
10765_134,1
7856_122,1
12579_39,1
5040_26,1
3213_17,1
17762_43,1
5594_118,1
10601_130,1
8083_93,1
10327_149,1
9679_29,1
12120_131,1
11907_95,1
17845_127,1
16708_43,1
15515_157,1
5897_119,1
13192_37,1
13888_148,1
2632_99,0
6864_84,1
4286_80,1
10701_24,1
10311_128,1
14701_99,0
10986_161,1
10662_54,1
6897_78,1
18536_143,1
4054_38,1
18521_139,1
12333_25,1
18718_70,1
715_130,1
177_10,1
19713_38,1
18531_73,1
889_127,1
3698_73,1
19314_29,1
12021_137,0
8232_30,1
10967_128,1
11868_127,1
1102_138,1
15910_154,1
7456_17,1
3195_4,1
1410_70,1
3042_65,0
6600_19,1
2524_89,0
12691_139,0
14481_55,1
3997_68,1
16502_95,1
14738_154,1
19740_168,1
6442_125,1
13145_57,1
6458_11,1
4079_99,1
10635_125,0
16900_155,1
18032_132,1
12553_40,1
9504_163,1
9268_151,1
5519_17,1
676_67,1
9785_63,1
3457_57,0
4432_112,1
8946_85,1
4280_80,1
15409_58,1
6976_113,0
9448_134,1
3687_11,1
19499_89,1
4205_46,0
4374_120,1
3407_113,1
17662_159,1
7489_117,1
15892_46,0
20080_160,1
16874_100,0
8655_147,1
12957_35,1
445_28,1
12750_174,1
7015_114,1
5306_11,1
9713_28,1
3422_115,1
3780_150,1
14888_43,1
8644_62,1
15169_160,1
10119_150,1
3961_76,1
20024_131,1
9701_26,1
13165_50,0
4464_83,0
11577_99,1
14713_186,1
4052_121,1
9583_47,1
16648_149,1
7211_18,1
13694_171,1
5711_118,1
6055_71,1
5451_30,1
3405_117,1
3750_22,1
2599_160,1
3883_110,1
8465_57,1
18359_66,0
944_136,1
7601_121,1
19689_85,1
7866_81,0
13379_52,1
17026_151,1
1983_24,1
13327_36,1
13629_33,1
7757_92,1
5737_68,1
6324_156,1
5640_16,1
12507_146,1
9645_130,1
16464_65,0
10479_86,0
16045_47,0
17335_153,1
5507_59,1
7746_56,1
14290_159,1
5008_94,1
18533_18,1
14373_34,1
4535_157,1
19832_68,0
5665_124,1
13074_58,1
18589_100,1
19090_120,1
2330_17,1
18715_133,1
12435_58,1
2094_95,1
875_103,1
6317_120,1
16094_153,1
19381_16,1
2973_52,0
7724_28,1
18297_157,1
7605_18,1
18654_98,0
250_127,1
13290_170,1
17429_62,1
3288_38,1
8304_32,1
10930_132,1
3592_61,1
19495_120,1
16029_152,1
2805_57,1
222_6,0
18428_44,1
6173_41,1
15966_43,0
19144_73,1
12864_37,1
4085_76,1
5141_187,1
8503_134,1
17817_128,1
19942_169,1
7988_158,1
5071_32,1
4058_114,1
3428_126,1
5532_21,1
14335_147,1
5020_125,0
13520_87,0
18773_160,1
2430_158,1
8914_128,1
11786_54,1
648_96,1
7680_113,1
17729_153,1
16650_187,1
6466_13,1
17045_183,1
13863_139,1
13928_49,0
7982_17,1
18326_117,0
5775_68,0
2962_64,1
1345_51,1
17124_149,0
14252_141,1
7912_10,1
13508_49,0
19208_28,1
16329_63,1
10571_27,1
10063_165,1
18575_109,1
11776_175,1
3013_115,1
10794_129,1
6242_156,1
14820_98,1
14562_147,1
13497_106,1
1738_97,1
2096_32,1
6414_18,1
2660_81,0
14348_33,1
4974_172,1
2920_21,1
10773_55,1
5816_19,1
17666_149,1
3485_97,1
3487_46,0
17135_99,0
2018_84,0
19347_58,0
431_151,1
17984_149,1
6847_52,1
7247_139,1
1926_133,1
9427_26,1
7712_17,1
13301_178,1
13244_52,1
11224_42,1
829_137,1
10293_62,1
7437_18,1
14927_150,1
7250_27,1
19194_46,0
15173_111,1
11234_127,1
6028_155,1
10867_21,1
14505_39,1
8706_49,1
17573_45,1
9494_80,1
18715_128,1
15143_181,1
18103_28,1
1637_163,1
11755_171,1
19659_127,1
1633_113,1
4126_73,1
12692_89,1
12353_137,1
15235_96,1
19351_64,1
10572_164,1
9878_133,1
11578_172,1
16839_98,0
8120_44,0
10512_172,1
15812_183,1
11521_28,1
11105_29,1
17305_185,1
9576_28,1
18644_63,1
12638_177,1
8432_126,1
14395_143,1
16259_149,1
14083_143,1
9782_24,1
11001_163,1
9946_55,1
10754_42,1
18788_131,1
9501_162,1
2545_130,1
6167_20,1
18036_124,1
4118_142,1
11948_161,1
406_18,1
11279_128,0
5459_79,1
17412_151,0
4264_15,1
3987_140,1
1152_122,1
10262_185,1
8004_31,1
588_52,1
8106_83,1
3681_160,1
9641_83,1
3177_17,1
1384_17,1
13730_94,1
1737_71,0
3036_82,1
8015_22,1
7785_136,1
12992_138,1
764_23,1
8863_65,1
19270_87,1
8720_137,1
3961_75,1
4599_162,1
19283_42,1
19912_123,1
5093_113,0
16580_98,1
8894_82,0
1582_146,1
15712_47,0
9431_135,1
17726_45,1
9269_129,1
15976_154,1
1556_118,1
18997_137,1
14490_49,1
18765_169,1
16835_44,1
5026_66,0
6042_48,0
11982_93,1
11457_60,0
11215_125,0
2303_26,1
19553_79,1
11231_88,1
786_123,1
5083_80,0
5949_114,1
18193_21,1
1732_73,1
4028_27,1
9039_59,1
3547_127,1
8328_25,1
3633_27,1
5444_14,1
9663_24,1
18584_134,1
5924_114,1
19822_19,1
14385_176,1
10498_160,1
9926_65,0
13867_57,0
18339_107,1
4409_61,1
19604_48,1
9040_27,1
18315_118,1
19262_115,1
17899_113,1
3285_52,1
4283_20,1
4078_66,1
10198_128,1
11700_128,1
3799_12,1
2300_14,1
7895_38,1
3588_153,1
5094_38,1
3757_26,1
18079_64,1
7858_116,1
3400_23,1
2722_125,1
16422_149,0
14410_42,1
7905_67,0
3061_121,1
15813_186,1
18250_41,1
119_50,1
9255_125,1
7962_128,0
11868_126,1
12143_93,1
7444_17,1
8034_85,1
17167_63,1
17222_156,1
2413_152,1
3733_27,1
9610_80,1
10526_128,1
17488_154,1
5710_45,0
11503_61,1
16489_150,1
7186_103,1
10388_156,1
19302_52,1
12606_172,1
10836_104,1
16525_95,1
4376_53,1
13495_48,1
15000_65,0
14816_158,1
6863_74,1
6203_82,0
18131_62,1
6376_121,1
6093_72,0
5246_167,1
6458_17,1
654_96,1
10341_166,1
3950_172,1
17911_59,0
6414_10,1
10117_47,0
882_57,1
1079_10,1
9490_28,1
5500_186,1
12061_175,1
2147_44,1
16605_95,1
13349_49,1
5286_45,1
5614_113,0
18356_159,1
16071_149,1
4459_71,0
206_101,1
18162_64,1
14972_111,1
6405_145,1
12323_43,1
16252_65,0
13039_93,0
16135_180,1
11863_125,0
2143_87,1
1077_74,1
11052_137,1
371_97,1
11004_103,1
7548_76,1
9274_25,1
9890_24,1
6937_127,1
11620_30,1
6721_40,1
17373_111,1
18302_118,1
7836_17,1
11413_132,1
1552_69,0
6861_104,1
5749_26,1
13546_178,1
4292_146,1
15221_152,1
16146_109,1
16769_43,1
5011_131,1
10330_29,1
3333_21,1
4771_73,1
14446_156,1
13511_105,1
13764_170,1
18796_81,0
17958_156,1
3014_123,1
11425_141,1
6327_10,1
7355_15,1
1231_136,1
3309_45,0
2579_74,1
15423_45,1
11103_166,1
5484_35,1
9236_86,0
1924_102,1
20029_91,1
8096_159,1
2186_127,1
15949_155,1
6080_119,1
3995_81,0
10737_125,1
17194_97,1
6656_142,1
10146_45,0
14271_145,1
129_138,1
8771_23,1
14261_171,1
1681_1,0
5050_83,1
3003_41,1
16679_110,1
11704_31,1
13022_49,0
17934_111,1
7298_11,1
16295_43,0
1322_69,0
9267_57,1
8507_29,1
12332_24,1
14332_65,0
12948_53,1
10198_136,1
15652_181,1
1710_104,1
3458_127,1
5774_74,1
5664_127,0
7790_123,1
2791_126,1
5507_81,1
1582_148,1
4550_82,1
13613_142,1
3467_28,1
19363_24,1
4100_48,1
18128_154,1
9062_101,1
16595_96,1
10859_148,1
4450_28,1
18499_153,1
8393_166,1
18470_70,1
11490_58,1
10380_110,1
8831_83,1
6793_18,1
6970_27,1
14173_61,1
7337_119,1
18245_128,1
19802_119,1
3291_122,1
10994_48,1
10768_125,0
1929_142,1
3998_23,1
15212_43,1
5039_11,1
9903_126,1
8542_35,1
12062_161,1
18207_20,1
14748_153,1
13086_145,1
7907_73,1
9148_53,1
9056_25,1
12114_164,1
15581_156,1
1189_148,1
6220_68,0
12396_39,1
13644_54,1
1297_119,1
7171_123,1
508_117,1
12946_173,1
19072_164,1
8264_23,1
8945_92,1
8547_85,1
4022_140,1
14052_39,1
16349_44,0
13915_48,0
7876_66,1
5946_113,1
245_48,0
6158_120,1
19461_118,1
1344_4,0
3634_57,1
8201_84,1
3178_20,1
10952_85,1
7438_125,1
15275_58,0
12497_33,1
2818_85,1
11738_129,1
13170_105,1
12638_172,1
15290_62,1
14272_107,1
18440_58,0
13309_174,1
14700_153,1
4273_113,0
7226_92,1
17121_100,1
12901_38,1
6966_66,0
3093_66,1
4527_102,1
7049_114,1
11467_23,1
8636_161,1
18306_187,1
9843_125,1
8834_125,0
3081_65,0
15945_95,1
4926_28,1
12426_171,1
13444_43,1
13195_140,1
1896_21,1
16200_154,1
1929_137,1
9655_27,1
10781_167,1
18222_96,1
1456_78,1
3169_70,0
14615_35,1
13254_147,1
9289_110,1
16718_152,1
18093_43,1
16353_45,0
14171_50,1
13846_137,1
9159_80,1
16257_64,1
11734_134,1
12629_173,1
9352_126,1
16424_156,1
8757_128,0
11047_83,0
5393_82,1
19561_132,1
13156_158,1
3116_151,1
1770_1,0
7310_16,1
13353_36,1
3782_175,1
14199_182,1
17474_95,1
15978_98,0
13479_35,1
3840_183,1
8117_129,1
3423_58,1
16561_100,0
17770_181,1
16080_152,1
19565_74,1
2868_118,1
17647_111,1
7252_146,1
12920_176,1
14479_146,1
7171_117,1
19593_82,1
9183_162,1
4632_97,1
17806_0,1
11134_136,1
8118_23,1
17248_95,1
5223_80,1
17824_116,1
19996_97,1
15586_157,1
6769_164,1
7626_10,1
14600_54,1
6375_20,1
8320_100,0
17936_125,1
17022_46,1
19368_1,1
1041_76,1
13742_106,1
6795_20,1
4660_102,1
139_99,1
10680_152,1
14561_33,1
2312_95,1
6551_126,0
18819_20,1
18657_44,0
3800_18,1
626_155,1
17068_152,1
12740_137,1
16447_155,1
2535_71,1
7058_167,1
19572_51,1
5728_120,1
1317_113,0
14441_141,1
19571_44,1
1782_150,1
67_10,1
13602_147,1
5977_121,1
2429_162,1
10877_129,1
9448_55,1
19549_11,1
13495_51,1
6911_11,1
16389_151,1
14103_38,1
17628_160,1
6847_56,1
4884_3,1
536_120,1
15580_159,1
16622_43,0
5504_113,1
1994_2,1
10431_23,1
17430_60,0
1242_34,1
1066_110,1
3191_60,1
10567_27,1
11246_106,1
6712_143,1
14211_184,1
15221_154,1
8492_126,1
2446_124,1
5744_122,1
15239_97,0
3299_77,1
13327_35,1
11380_97,1
5113_113,1
4550_86,0
6843_11,1
2738_122,1
14925_44,1
2795_21,1
14597_170,1
12844_62,1
4609_164,1
12491_39,1
14586_106,1
1861_44,1
9501_166,1
12034_85,1
1971_14,1
51_2,1
9406_26,1
9248_83,1
12699_138,1
10458_30,1
12473_38,1
16148_151,1
2547_118,1
11939_31,1
10246_127,1
17541_154,1
9885_126,1
19793_99,0
11577_97,1
18215_1,1
11542_34,1
1651_17,1
19924_171,1
17838_61,1
377_75,1
14370_35,1
16128_110,1
7928_51,0
12540_42,1
18172_168,1
16336_45,0
833_121,1
13793_172,1
7039_122,1
17104_156,1
16431_187,1
6842_172,1
19696_81,1
15537_95,1
6019_83,1
19028_130,1
16735_153,1
8433_22,1
8536_134,1
11652_22,1
3958_15,1
11152_46,0
9050_151,1
14564_95,1
19152_83,1
18528_153,1
6480_25,1
6949_129,1
15110_112,1
5926_115,1
10459_22,1
10438_164,1
17386_45,1
16323_45,1
795_119,1
15075_61,1
10909_164,1
14796_100,0
19796_72,1
11554_26,1
406_12,1
7484_10,1
14906_187,1
16541_160,1
6920_115,1
7975_67,0
15398_156,1
1171_52,1
10734_99,1
15956_44,0
17557_47,0
14524_52,1
13403_171,1
10699_80,1
6602_75,1
18146_77,1
8489_146,1
1891_49,1
16606_110,1
13353_41,1
7162_92,1
16906_45,0
4229_104,1
6202_119,1
3816_81,0
1034_20,1
14727_185,1
2001_88,1
9231_28,1
10735_21,1
10326_31,1
4211_57,1
18353_127,1
7700_124,1
2714_73,0
12144_50,0
16989_149,0
19904_158,1
9380_125,1
6547_123,1
3114_48,1
10377_133,1
14428_171,1
3046_135,1
12831_175,1
1820_61,1
17021_47,1
16156_99,1
5505_27,1
9885_132,1
4071_38,1
14231_170,1
14299_147,1
18028_151,1
7765_76,1
11005_129,1
10734_94,1
11697_91,1
14812_43,0
7781_17,1
17015_110,1
11034_110,1
15097_149,1
13543_145,1
10939_128,1
8865_155,1
18922_61,1
4977_130,1
1214_124,1
5638_86,0
736_76,1
8983_134,1
1582_142,1
4925_6,0
12917_170,1
11676_170,1
1364_81,1
14136_38,1
2126_32,1
14713_184,1
1956_21,1
4200_75,0
7053_17,1
16264_109,1
15992_155,1
15638_110,1
1079_20,1
4462_21,1
2165_151,1
4892_10,1
10627_133,1
14074_33,1
16512_44,0
14248_49,0
3081_77,1
6851_149,1
14412_38,1
1389_123,1
2738_114,1
13306_55,1
14135_179,1
274_29,1
2751_149,0
9220_125,1
651_132,1
12495_23,1
17782_159,1
12845_32,1
9795_25,1
7110_73,1
4808_111,1
6262_44,0
7984_60,1
6707_115,1
6839_143,1
9426_161,1
19408_17,1
13877_56,0
13392_156,1
1743_18,1
7035_74,1
1874_9,1
181_47,0
10996_26,1
5068_116,1
3104_2,1
17530_150,1
6620_86,0
8733_135,1
5334_78,1
8142_135,1
6181_27,1
6116_10,1
19541_68,0
4585_147,1
10092_126,1
6558_114,1
8409_38,1
6171_54,1
3898_74,0
8107_31,1
8714_132,1
7778_115,1
12372_147,1
15530_110,1
951_70,1
12643_137,1
9530_167,1
11460_22,1
10856_99,1
98_86,0
4389_63,1
9293_132,1
202_49,1
6565_13,1
10577_136,1
7334_18,1
9549_125,0
7148_17,1
19080_47,1
10066_26,1
16702_158,1
16192_155,1
12992_147,1
8863_129,1
7135_86,0
9187_134,1
3602_165,1
17332_181,1
13224_170,1
7884_83,0
2463_77,1
2214_57,1
4919_116,1
13144_144,1
19391_86,1
7475_125,1
14153_90,0
8704_164,1
12761_87,1
6293_38,1
5405_20,1
15720_150,1
19680_149,1
5077_121,1
19173_175,1
10857_166,1
18050_142,1
13416_186,1
2207_119,1
12968_145,1
6978_19,1
12572_177,1
13739_98,0
15764_60,0
8966_162,1
12518_57,0
7980_169,1
1715_66,0
8479_130,1
7086_121,1
8441_101,1
6948_73,1
12909_145,1
8078_126,1
2145_122,1
12569_90,1
14266_177,1
19599_146,1
10679_181,1
18297_152,1
19554_10,1
8173_159,1
15089_151,1
14488_143,1
8392_185,1
4894_17,1
16005_59,1
5033_73,1
6170_124,1
18636_69,1
574_56,0
15520_100,1
10896_23,1
19435_162,1
8810_101,1
583_95,1
18078_45,0
682_113,1
5569_15,1
8295_130,1
1125_52,1
7019_115,1
16429_64,1
14134_144,1
8118_31,1
2096_34,1
562_98,0
5165_71,0
4915_61,1
9252_28,1
13251_178,1
9215_28,1
1728_53,1
14771_152,1
7030_118,1
12129_51,1
12024_61,1
1018_18,1
8536_135,1
10552_28,1
777_81,0
18405_117,1
10483_176,1
1610_129,1
684_80,1
5435_129,1
12629_177,1
7963_80,1
18986_0,1
9534_125,0
2444_16,1
8057_84,0
12139_138,1
18805_108,1
8486_108,1
10499_94,1
10063_161,1
2858_81,1
12607_172,1
11845_133,1
11686_133,1
15737_157,1
6042_53,0
18398_185,1
7048_141,1
5041_120,1
2932_93,0
19276_32,1
1157_82,1
9327_161,1
9011_44,1
13354_150,1
8973_59,1
12424_108,1
5727_74,1
8426_91,1
5990_114,1
8739_126,1
5835_119,1
10548_126,1
3372_154,1
6354_117,1
7452_13,1
32_125,1
11046_30,1
7785_130,1
16609_95,1
7268_30,1
1737_52,1
18284_18,1
8691_134,1
14228_170,1
11113_24,1
3207_81,0
11332_32,1
18008_59,0
7743_117,1
15263_149,1
3983_101,1
8862_29,1
10528_63,1
13429_33,1
7764_73,1
15416_46,1
13882_57,1
13789_64,1
4114_110,1
7672_77,1
17548_47,1
2473_65,1
14476_154,1
8998_132,1
18394_20,1
13390_142,1
9991_134,1
12718_34,1
10188_28,1
9479_21,1
20019_152,1
7751_74,1
12040_21,1
2326_39,1
3023_14,1
5717_118,1
14660_171,1
8875_80,0
162_21,1
4294_20,1
7886_74,1
9915_165,1
4749_66,1
3450_73,1
12077_27,1
19734_2,1
7201_122,1
15854_112,1
5677_119,1
1224_0,1
20094_89,1
17645_43,0
19634_49,1
9109_46,1
15680_185,1
11185_136,1
11924_22,1
14771_156,1
545_152,1
19490_45,0
2228_99,0
17290_44,1
10784_80,1
13749_42,1
17468_156,1
16866_149,1
5721_44,0
3619_31,1
17924_164,1
6183_12,1
5661_63,1
19350_26,1
9829_24,1
3246_45,1
9908_53,1
9960_85,1
9866_39,1
12045_137,1
343_118,1
10483_173,1
434_83,0
12906_151,1
17358_58,1
15702_156,1
10594_86,0
11146_56,0
12048_21,1
10648_134,1
9413_91,1
19287_17,1
7165_118,1
5017_173,1
1890_157,1
7680_117,1
4633_105,1
19912_124,1
11837_126,1
8323_32,1
5461_120,1
14432_52,1
7252_113,1
4419_20,1
17663_154,1
2301_41,1
10833_167,1
13980_33,1
2957_116,0
15929_64,1
4503_38,1
20057_137,1
2897_84,0
15756_150,1
9790_57,1
3751_7,0
13678_60,1
885_52,1
318_14,1
8505_24,1
14475_145,1
5890_116,1
10534_104,1
8648_23,1
6567_14,1
6882_23,1
10134_130,1
8474_145,1
9611_162,1
19264_83,1
11068_127,0
15997_111,1
4251_117,1
16181_45,0
13403_172,1
9833_24,1
9467_139,1
18626_24,1
18343_41,1
2535_78,1
16288_154,1
8633_84,1
5484_33,1
7074_14,1
14365_87,1
14048_55,1
14961_158,1
7357_36,1
3135_149,1
8783_44,1
7688_15,1
3489_123,1
5936_120,1
4122_22,1
5039_20,1
19191_159,1
11638_132,1
8727_86,1
2403_155,1
19053_117,1
12445_146,1
19729_6,0
16101_44,1
600_134,1
14336_137,0
4057_117,1
10061_127,0
10327_159,1
5673_22,1
10357_129,1
2247_131,1
1318_109,1
3673_17,1
10242_22,1
17738_153,0
5943_82,1
2914_119,1
16974_47,0
4213_152,1
8601_129,1
1862_43,0
1490_74,0
10585_62,1
17757_61,1
3295_132,1
9666_163,1
17944_154,1
7951_29,1
16615_184,1
5059_94,1
13222_65,0
17262_65,1
5182_172,1
16920_65,0
19494_10,1
6826_68,1
13855_108,1
943_160,1
15610_186,1
4526_129,1
6487_60,1
12194_141,1
13853_38,1
7925_13,1
11625_26,1
1456_69,0
5059_80,0
4021_82,1
9206_136,1
10662_56,0
15552_62,1
15186_57,1
12802_91,1
8168_153,1
989_147,1
4587_83,1
19699_21,1
14100_41,1
10539_81,0
2725_179,1
4260_12,1
7550_66,1
7423_69,0
4503_35,1
1205_1,0
14647_151,1
146_39,1
11735_126,1
4567_82,1
17088_150,1
17052_181,1
2009_148,1
19677_17,1
17975_23,1
12600_38,1
16299_158,1
12565_144,1
18346_116,1
15016_155,1
16176_57,0
7358_157,1
12823_151,1
10058_63,1
8883_128,0
310_70,0
5254_152,1
3648_28,1
3736_146,1
12905_42,1
2378_138,1
8141_28,1
10633_164,1
13065_41,1
8549_139,1
8574_27,1
4144_40,1
13378_174,1
4189_103,1
11435_63,1
6419_68,0
5720_88,1
5853_75,1
2421_74,1
11915_23,1
16741_98,1
7199_48,1
2254_109,1
7197_94,0
15793_149,0
14707_185,1
6377_121,1
7644_89,1
9213_25,1
4640_93,0
11423_104,1
16532_152,1
15428_58,0
11226_131,1
9217_23,1
19664_137,0
10229_87,1
14972_112,1
15910_150,1
2183_114,1
18933_187,1
9266_125,1
7261_28,1
12356_171,1
17712_151,1
1246_23,1
5068_123,1
10451_130,1
8138_26,1
3077_96,1
6545_38,1
12124_26,1
17972_114,1
15217_150,1
16318_179,1
12613_93,0
4563_82,0
3055_36,1
13451_170,1
288_156,1
14601_172,1
7155_18,1
801_11,1
1211_158,1
9409_86,0
10149_173,1
11306_155,1
1336_71,0
18290_107,1
12436_26,1
12069_127,1
13880_143,1
19682_132,1
12489_30,1
18013_44,0
7083_45,0
12435_57,1
10549_130,1
1971_10,1
14078_176,1
7196_115,1
16592_94,1
3880_159,1
4522_122,1
1541_84,1
3602_167,1
19769_10,1
3755_11,1
16643_43,1
10777_157,1
11658_103,1
13193_98,1
7334_16,1
3134_87,0
14600_49,1
3483_78,1
16415_110,1
10826_27,1
2168_165,1
18337_2,1
17995_61,1
3763_114,0
10617_166,1
1183_145,1
14315_137,1
13397_36,1
16414_150,1
11924_24,1
9785_58,1
14446_151,1
12068_166,1
4097_97,1
10082_133,1
8898_102,1
11062_58,1
13708_145,1
12096_30,1
13299_36,1
17444_160,1
13516_143,1
4303_81,1
1434_164,1
18541_101,1
19397_142,1
4505_139,1
15647_111,1
2813_38,1
5979_130,1
18207_15,1
18408_52,1
5152_126,0
16059_157,1
16558_187,1
18735_75,1
2584_34,1
911_123,1
11248_55,1
10753_163,1
2512_65,0
8204_60,0
11090_24,1
6575_18,1
11200_126,0
10912_98,1
18580_185,1
10283_130,1
5977_118,1
9964_87,1
9757_131,1
5320_37,1
17286_152,1
10509_100,0
7904_83,1
11940_165,1
9528_25,1
7927_82,0
17316_45,0
13702_171,1
9157_137,1
3142_22,1
6206_125,1
4126_78,1
14493_52,1
8445_59,1
12151_163,1
7112_130,1
18413_137,1
12206_84,0
3473_135,1
16670_157,1
2725_180,1
9860_131,1
2867_31,1
13061_52,1
11006_23,1
5343_167,1
1798_3,0
3393_15,1
17213_182,1
7085_114,1
8307_27,1
13933_138,1
6039_29,1
1830_37,1
12588_54,1
7699_19,1
10372_52,1
19031_135,1
1586_149,1
7182_165,1
7562_118,1
8477_22,1
11023_39,1
8099_36,1
5110_136,1
13365_138,1
14478_52,0
2706_57,0
9586_135,1
4811_68,0
12981_138,1
16166_152,1
1233_41,1
14531_142,1
1101_159,1
570_80,1
4278_94,1
16174_183,1
18875_11,1
8620_62,1
9896_27,1
2638_63,1
3140_122,1
9232_103,1
12470_91,1
19528_145,1
17924_167,1
18856_44,0
5024_123,1
17891_27,1
19749_149,1
18173_125,1
9449_28,1
9309_107,1
3750_25,1
16745_96,1
19740_163,1
7553_74,1
5278_105,1
13947_56,0
15030_156,1
16068_150,1
18070_118,1
16936_111,1
1509_130,1
6745_113,1
19872_166,1
3289_62,1
18146_78,1
3616_82,1
16308_156,1
14325_54,1
11235_129,1
7840_123,1
7798_124,1
412_137,1
16906_47,0
19980_75,1
11984_130,1
9839_31,1
12183_128,1
9375_55,1
3343_60,1
831_65,0
18894_130,1
5255_46,1
13995_175,1
6584_16,1
15454_109,1
4126_72,1
80_118,1
17655_7,1
18058_115,1
11128_83,1
10858_126,1
8328_21,1
18740_80,1
16060_44,1
16039_159,1
175_128,1
582_61,1
16393_57,1
18780_29,1
10841_83,1
12487_175,1
16798_60,1
15924_43,0
11856_126,0
2319_73,0
18716_135,1
5744_121,1
7431_121,1
8083_92,1
15906_47,0
7031_81,1
906_115,0
4988_16,1
6638_76,1
487_134,1
1001_134,1
17847_103,1
8266_32,1
174_86,1
9599_169,1
14934_96,1
10085_168,1
1722_46,1
3489_121,1
7838_19,1
1292_7,0
6259_113,1
8384_127,1
19060_110,1
6618_120,1
2835_155,1
6324_62,1
801_13,1
2749_13,1
7875_79,1
6685_104,1
10757_173,1
11654_47,1
12649_90,1
793_73,1
4567_98,1
1707_113,0
15465_96,1
4785_23,1
2207_121,1
1871_17,1
8607_97,0
13763_177,1
17690_94,1
18739_77,1
9656_169,1
8739_136,1
6091_40,1
3966_61,1
3950_170,1
5378_83,1
7127_73,1
19453_72,0
7672_66,1
1494_138,1
1299_150,1
14235_173,1
10527_125,1
19576_125,1
5177_81,1
13347_41,1
13052_90,1
14357_62,1
14289_96,1
1741_13,1
16855_43,0
8092_18,1
10832_137,1
10413_21,1
3008_52,1
19134_69,0
6686_76,1
2003_156,1
10411_164,1
7258_124,1
2126_37,1
3400_24,1
1742_167,1
12883_64,1
5163_157,1
6563_27,1
6825_19,1
262_62,1
13894_175,1
1860_159,1
3355_52,1
7416_153,1
4863_87,1
6121_11,1
6874_11,1
19430_52,1
982_136,1
19079_21,1
18382_58,1
294_38,1
10487_98,0
17969_66,1
13900_156,1
8152_165,1
1030_156,1
2292_30,1
339_24,1
14697_63,1
11832_161,1
17381_44,1
18498_174,1
17019_154,1
7491_23,1
13726_34,1
6568_122,1
898_90,0
3079_130,1
4575_73,1
6053_14,1
8987_31,1
4699_10,1
13363_49,0
670_1,1
3430_59,1
17792_181,1
6409_113,1
7414_70,0
17793_45,1
3013_118,1
12093_63,1
14723_44,0
3018_45,1
11625_21,1
15624_184,1
18778_4,1
12769_50,1
10667_25,1
10125_169,1
16895_149,0
9792_164,1
207_8,1
4880_82,1
6009_117,1
19953_37,1
18409_98,1
3142_28,1
5811_143,1
4162_174,1
16253_184,1
4329_25,1
15933_185,1
13899_170,1
6688_12,1
13792_146,1
4909_78,1
6142_11,1
17052_185,1
6459_76,1
2860_28,1
3117_39,1
18330_102,1
12063_137,0
3020_29,1
6197_13,1
19773_56,0
3388_175,1
7944_109,1
14879_155,1
18866_82,1
2141_64,1
9855_23,1
2018_82,0
3141_102,1
18133_73,1
7861_134,1
14437_65,1
20041_84,1
13729_32,1
9425_24,1
2837_150,1
12397_181,1
2104_23,1
8510_187,1
19649_32,1
11517_164,1
2158_22,1
12549_35,1
6227_114,1
19559_165,1
8015_31,1
18676_141,1
11346_60,1
5106_71,0
10845_136,1
1722_45,1
6009_122,1
6423_73,1
18503_116,1
14735_112,1
11630_167,1
17166_112,1
12479_142,1
17742_61,1
7538_119,1
7252_116,1
1001_129,1
2054_115,1
10273_161,1
5744_116,1
19147_161,1
1636_14,1
5634_43,1
15225_63,1
74_11,1
2647_63,1
8113_90,0
2018_64,1
4416_115,1
4564_58,1
1771_27,1
13880_142,1
16667_152,1
7516_121,1
10597_175,1
4583_176,1
7377_160,1
5925_117,1
10462_163,1
11209_165,1
7369_119,1
10953_97,0
19138_83,0
4612_80,0
13398_51,1
1812_115,1
14173_59,1
588_54,1
714_26,1
17948_22,1
5159_39,1
13142_62,1
12842_177,1
709_129,1
3811_137,1
18698_48,1
3367_66,0
2514_91,1
6062_71,1
8922_51,1
4378_163,1
4698_67,0
19807_63,1
702_44,1
1070_98,1
19672_106,1
5506_113,0
13136_173,1
10212_164,1
11853_128,1
10500_126,1
17367_154,1
2437_100,0
8929_133,1
7589_116,1
6434_67,0
18099_88,1
4920_73,0
11273_125,1
9830_29,1
56_44,0
18346_122,1
3928_136,1
14218_141,1
9596_59,1
16424_158,1
2155_102,1
19998_76,1
309_113,1
14878_98,1
7741_121,1
15093_158,1
19056_159,1
6776_28,1
13782_139,1
3286_32,1
19184_126,1
14639_111,1
14634_37,1
7375_45,1
7968_61,1
3023_12,1
17065_98,0
17505_151,1
3583_17,1
9430_149,1
12422_36,1
9119_27,1
4330_13,1
17944_150,1
12191_30,1
17072_64,1
6766_141,1
3232_137,1
18017_61,1
7354_113,1
12687_176,1
17239_186,1
15922_150,1
8137_126,1
12056_94,1
14130_140,1
17781_43,1
11783_28,1
13242_55,1
11547_28,1
14048_49,0
10821_167,1
1551_28,1
11488_61,1
5913_19,1
11344_45,0
2541_61,1
565_34,1
12480_32,1
8846_85,1
5013_174,1
16729_153,1
12210_31,1
3517_24,1
11938_81,1
2457_144,1
1467_81,1
14043_142,1
14304_147,1
19031_125,1
6815_82,1
14845_157,1
13686_146,1
5113_116,0
6180_102,1
8514_104,1
18781_45,0
10209_28,1
932_113,1
13739_95,1
652_153,1
8264_21,1
9134_31,1
11679_139,1
852_2,1
10393_53,1
13163_47,0
8745_25,1
14488_138,1
12929_93,1
10563_156,1
9788_165,1
5468_132,1
13267_139,1
10019_127,1
6180_61,1
1590_13,1
14480_143,1
18885_43,1
508_116,1
12059_125,1
16298_64,1
16373_179,1
14362_98,1
12414_27,1
819_17,1
12603_150,1
3351_47,0
1275_0,0
19791_136,1
2227_34,1
10800_46,0
14337_41,1
11433_45,1
19348_21,1
15135_110,1
19852_105,1
11834_156,1
5598_11,1
11956_80,1
19421_132,1
5249_82,1
4960_30,1
12035_23,1
15998_159,1
2268_65,0
9838_125,1
15675_95,1
14528_144,1
18828_82,1
10860_167,1
14551_176,1
18442_126,1
10702_25,1
11150_26,1
5737_73,1
9303_112,1
15935_65,0
1169_21,1
1240_135,1
13290_174,1
4391_167,1
12557_94,1
6601_113,1
12353_146,1
18033_83,1
2475_27,1
600_127,1
2120_130,1
5956_17,1
11070_86,0
18410_43,1
3817_67,1
13809_38,1
8971_164,1
16781_94,1
10308_81,1
9800_160,1
13955_93,0
14221_34,1
7854_134,1
14437_108,1
14100_33,1
19142_12,1
3114_125,1
13164_32,1
12381_65,0
7624_19,1
12082_136,1
15185_160,1
1151_30,1
8092_16,1
9524_81,1
2032_141,1
8505_28,1
12810_137,1
11329_44,1
6979_74,1
5088_94,1
512_51,0
6669_13,1
345_159,1
2719_54,1
18398_183,1
1536_151,1
16730_150,1
16444_57,0
18705_114,1
10577_133,1
4560_66,0
6014_151,1
5513_41,1
6968_19,1
400_25,1
867_1,1
2153_120,1
305_23,1
18746_29,1
10220_53,1
996_84,0
19246_120,1
15346_46,0
12240_94,1
17281_158,1
3612_147,1
2065_0,1
8814_99,0
5977_123,1
19659_131,1
6066_52,0
17040_47,0
16924_46,0
6648_10,1
7218_128,1
5913_11,1
2795_29,1
12287_141,0
12819_137,0
5163_159,1
11490_126,1
1948_35,1
3356_53,1
8233_27,1
13151_52,1
16488_60,0
8489_139,1
11320_24,1
945_127,0
11249_63,1
12689_105,1
19914_76,1
5400_30,1
11679_140,1
5984_66,1
12657_138,1
19183_122,1
5257_66,0
16421_151,1
19466_42,1
12024_138,1
5646_28,1
6718_18,1
675_120,1
10067_27,1
17317_150,1
2620_96,1
9258_126,0
10717_28,1
14255_33,1
6669_19,1
17946_117,1
18028_59,1
608_73,0
14289_100,0
5589_25,1
15676_158,1
12967_142,1
14371_145,1
17546_99,0
1506_59,1
10833_162,1
9980_164,1
3929_97,1
350_89,1
6344_20,1
14318_48,0
2501_111,1
18839_125,1
7460_87,1
7977_20,1
16438_100,1
17450_155,1
13760_171,1
1993_59,0
11507_131,1
13465_88,1
19726_98,0
4295_147,1
11227_129,1
12462_37,1
9926_61,1
14795_95,1
10620_128,1
3004_77,1
3523_141,1
6442_131,1
8926_81,1
6388_11,1
15518_151,1
4913_65,1
5904_113,1
8429_27,1
10826_30,1
9445_84,1
9070_25,1
6236_71,0
6144_43,1
8275_98,1
4872_114,1
3113_131,1
5849_49,1
17843_130,1
13561_35,1
18086_5,1
3643_139,1
16491_44,1
16019_97,1
4913_62,1
11205_131,1
3691_77,1
16075_157,1
9724_64,1
17956_26,1
948_136,1
14488_146,1
18325_66,0
1186_88,1
7994_125,1
2364_86,0
11240_86,0
19751_14,1
10611_104,1
14245_158,1
9627_130,1
2819_79,0
1927_142,1
7402_114,1
4520_85,1
13467_154,1
7676_120,1
9763_21,1
3709_63,1
13913_148,1
19784_149,0
10748_136,1
11340_24,1
13564_97,1
4975_61,1
17372_160,1
3647_20,1
11214_104,1
4087_118,1
506_135,1
7285_18,1
8042_127,1
1557_13,1
7448_16,1
4936_13,1
8805_155,1
16049_65,0
18786_116,1
15002_149,1
1390_107,1
4014_144,1
8782_24,1
12378_88,0
14557_51,0
3016_119,1
8588_34,1
2148_66,0
8584_132,1
4104_102,1
19329_181,1
12534_41,1
13528_57,1
15194_187,1
8926_65,0
4832_166,1
8618_103,1
2568_74,1
8286_138,1
19377_81,1
6280_68,1
9745_135,1
16493_155,1
15276_155,1
15867_151,1
5878_12,1
4316_167,1
9616_61,1
19575_148,1
8029_135,1
6139_20,1
10419_101,1
6042_106,1
14259_110,1
19006_157,1
1891_55,1
12332_25,1
944_131,1
10314_153,1
1296_126,1
4782_77,1
7659_142,1
95_143,1
1027_62,1
6229_113,1
13637_145,1
14998_186,1
13912_137,0
10193_126,1
5871_84,1
18385_25,1
16869_156,1
5223_61,1
12604_156,1
12593_44,1
7343_75,1
18425_130,1
14171_107,1
6584_17,1
14881_100,1
12273_102,1
12705_36,1
18053_116,1
16056_156,1
10463_134,1
18403_115,0
16356_57,0
2085_32,1
10056_143,1
6069_24,1
5142_53,1
19314_22,1
3971_82,1
3114_126,1
19013_133,1
12073_136,1
9040_31,1
2363_51,1
9343_62,1
5825_21,1
10224_130,1
3152_80,1
17766_112,1
1922_81,0
3411_80,1
18100_61,1
10926_29,1
2579_69,1
13190_137,1
10921_21,1
2043_131,1
11749_126,1
16701_149,1
3558_78,1
4415_19,1
16418_149,1
11857_61,1
824_125,1
3114_129,1
12469_32,1
9864_37,1
5920_84,0
19304_137,1
180_130,1
3432_22,1
19272_45,1
11585_81,1
14008_143,1
20067_64,1
3600_120,1
10219_129,0
5243_11,1
10964_34,1
18671_97,0
15315_149,1
7621_68,0
2321_123,1
18920_27,1
9466_125,1
12189_25,1
969_50,1
6272_119,1
18485_69,0
1600_83,1
6380_137,0
9714_47,0
1008_120,1
10930_58,1
9339_50,1
14559_60,1
11912_39,1
989_144,1
13944_33,1
614_105,1
4057_120,1
16823_46,0
16780_97,1
2058_82,0
4141_21,1
16692_157,1
8554_53,1
14404_41,1
6891_16,1
18878_144,1
4978_18,1
13679_144,1
11029_86,0
551_86,0
4483_114,1
8213_29,1
11698_38,1
13837_144,1
6532_11,1
13883_92,1
15818_151,1
6720_70,1
3740_32,1
16250_59,1
10777_149,1
19465_68,0
12113_137,1
10154_169,1
1154_150,1
17245_153,1
13018_176,1
19406_164,1
13980_40,1
2299_65,0
5272_53,1
3519_81,0
15848_158,1
3789_16,1
17576_63,1
13748_48,0
3271_61,1
16556_44,1
13965_34,1
3837_153,1
12792_90,1
19863_16,1
178_7,0
15197_151,1
3196_144,1
1655_139,1
17782_149,1
9858_97,1
6440_18,1
6846_118,1
1885_167,1
5858_20,1
9258_129,0
17929_70,1
14503_52,1
19146_179,1
14676_152,1
2303_29,1
6317_121,1
6556_116,1
17446_96,1
16280_158,1
3676_17,1
19648_137,1
19939_133,1
2185_9,1
8054_27,1
11247_125,1
8544_61,1
14931_95,1
13669_91,1
18317_116,1
18563_53,1
6763_14,1
17871_127,1
16733_151,1
8541_128,1
7352_63,1
12818_137,1
1158_100,0
5377_149,0
7726_129,1
2527_56,1
5290_135,1
6233_20,1
6107_58,0
15641_109,1
806_144,1
12147_129,1
5414_130,1
4131_25,1
11300_167,1
10183_80,0
12242_82,0
8615_46,0
15066_149,0
13508_108,1
14299_138,1
2139_39,1
14568_90,1
5122_162,1
15583_64,1
906_122,1
5129_83,1
10341_168,1
9659_127,1
16333_57,1
17427_156,1
18639_119,1
7175_17,1
2006_36,1
12615_25,1
7575_29,1
7690_21,1
10565_21,1
173_4,1
16079_160,1
694_155,1
2518_137,1
13883_91,1
14901_43,1
4199_68,0
14705_160,1
5889_79,1
2637_56,0
1930_24,1
2134_11,1
6514_123,1
4549_18,1
766_80,0
10765_127,0
975_3,0
1908_5,0
7311_119,1
2299_63,1
18749_131,1
7837_14,1
5868_95,1
12189_26,1
5942_115,1
9854_25,1
15320_45,1
19863_12,1
9368_125,0
2854_7,1
16097_109,1
1924_104,1
1590_11,1
5308_107,1
3059_56,0
6355_14,1
6688_11,1
18336_177,1
6639_131,1
10213_162,1
5544_127,1
12412_34,1
17623_47,0
1616_6,0
2444_18,1
1419_81,0
10480_133,1
3387_181,1
12995_32,1
5591_94,1
18711_157,1
12540_32,1
8168_156,1
19674_7,0
5522_67,0
1905_8,1
11080_131,1
16571_152,1
5741_129,1
11504_24,1
8835_80,1
19697_66,1
13303_93,1
1835_33,1
11741_169,1
4308_124,1
5577_94,1
18434_1,0
13459_150,0
17476_94,1
5569_16,1
1047_108,1
4886_133,1
5001_98,0
9412_22,1
6096_118,1
1241_131,1
8756_26,1
3353_80,1
7656_129,1
12142_81,1
11180_82,0
289_128,1
7863_41,1
6642_113,1
5993_80,1
13562_41,1
9473_30,1
8295_62,1
3124_121,1
3859_11,1
765_69,0
14740_185,1
14263_108,1
7588_69,0
5756_94,1
9718_134,1
13052_65,0
7165_116,1
5756_95,1
15702_149,1
5519_15,1
17826_57,1
10884_40,1
4999_12,1
14122_47,0
7432_60,1
19723_47,0
7461_119,1
18599_158,1
5584_62,1
4401_80,1
13546_171,1
18941_43,0
14483_92,1
2068_163,1
2458_11,1
8894_86,0
620_2,1
12960_171,1
19284_122,1
14411_92,1
12859_46,0
2630_73,1
17136_111,1
3946_33,1
15512_154,1
8748_32,1
13183_42,1
8092_19,1
4423_17,1
18619_71,1
3725_24,1
1211_154,1
17475_179,1
19298_80,1
4219_126,1
15655_151,1
1804_15,1
8723_51,1
16984_157,1
10276_81,1
4826_29,1
4280_86,1
13027_142,1
13192_34,1
18617_87,1
6000_19,1
1105_21,1
10190_140,1
15295_43,1
6909_167,1
11869_163,1
4551_82,0
2740_97,0
19145_153,1
2227_36,1
7438_134,1
14162_64,1
19998_66,1
7615_132,1
11730_167,1
18224_89,1
953_155,1
5175_53,1
17507_187,1
9557_85,0
15907_65,1
17888_53,1
16284_186,1
7054_162,1
15913_95,1
6342_122,1
13056_94,1
8635_135,1
12419_32,1
7283_73,1
12901_42,1
19918_179,1
6479_164,1
8789_27,1
4981_28,1
119_49,1
16412_44,1
14352_55,1
5897_113,1
4811_77,1
9870_25,1
13629_38,1
20064_24,1
9492_152,1
10609_135,1
7770_15,1
13566_42,1
14298_107,1
10327_155,1
7551_77,1
15345_156,1
6637_118,1
11758_30,1
1011_62,1
722_2,1
16003_47,0
12006_26,1
17282_109,1
2789_81,1
2410_49,0
16132_154,1
6022_21,1
6719_116,1
7991_19,1
7441_146,1
5898_91,1
9556_104,1
9161_96,1
10463_125,1
19872_169,1
8597_147,1
4927_68,1
8039_125,1
501_101,1
11815_53,1
1673_83,0
11386_152,1
6579_77,1
9587_127,1
7456_10,1
1258_86,0
17784_151,1
10472_165,1
17955_106,1
5175_55,1
5706_52,1
7545_69,1
3119_41,1
12989_137,1
18710_150,1
11829_165,1
554_186,1
9530_162,1
18583_133,1
7419_122,1
14177_145,1
15235_98,1
4015_63,1
7060_21,1
3398_60,0
8030_136,1
331_23,1
8525_167,1
10454_27,1
802_89,1
6469_17,1
19958_47,0
6409_121,1
3066_115,1
17824_121,1
9415_128,1
10222_131,1
8869_157,1
15330_45,0
10275_163,1
12274_165,1
7614_14,1
19472_6,1
954_48,1
10641_27,1
18760_59,1
9194_49,1
10087_164,1
4870_117,1
11883_168,1
5386_107,1
1316_52,1
11908_24,1
18574_58,1
16199_160,1
7278_116,1
7360_123,1
9913_27,1
3291_124,1
18861_134,1
15785_160,1
7529_141,1
6055_73,1
8361_29,1
9797_134,1
18926_18,1
4777_94,1
12067_164,1
9103_84,1
9354_136,1
18020_15,1
4225_22,1
14235_178,1
7012_120,1
13948_151,1
15427_109,1
1463_28,1
1088_109,1
2473_57,1
17783_157,1
13232_46,1
2664_106,1
10050_127,1
13227_105,1
3982_42,1
15456_47,1
8551_128,1
3482_56,0
8305_52,1
5605_10,1
7262_13,1
18910_125,1
494_30,1
291_78,1
19851_54,0
7710_75,1
7033_126,1
2785_101,1
261_39,1
19320_125,1
9653_37,1
13063_144,1
15646_155,1
9300_36,1
20042_130,1
15659_57,1
17286_160,1
511_170,1
475_61,1
15692_156,1
4290_79,1
13473_147,1
5065_115,1
13147_144,1
3276_123,1
9109_45,1
374_10,1
7551_73,1
15030_160,1
4394_46,1
8745_27,1
16143_109,1
3740_34,1
8433_21,1
13272_55,1
14768_43,0
7865_95,1
8474_142,1
11615_136,1
18080_43,1
14970_61,1
3159_147,1
6173_39,1
3918_7,1
12987_137,1
3721_81,0
14002_55,1
8279_25,1
3538_78,1
17256_44,1
17114_46,0
12688_54,1
16654_181,1
18304_93,0
19772_33,1
1631_7,0
17693_94,1
65_62,1
13426_172,1
10869_82,1
10972_165,1
15731_151,1
1665_130,1
3643_145,1
10376_103,1
4243_71,1
13454_177,1
9712_29,1
13869_149,0
9355_136,1
648_142,1
3665_161,1
2318_184,1
3614_35,1
17859_87,0
6851_151,1
18169_153,1
18193_23,1
16845_152,1
3610_116,1
889_136,1
3297_75,1
9929_23,1
16749_150,1
15992_153,1
5734_78,1
1410_75,1
19008_94,1
12495_22,1
659_130,1
8621_46,0
18451_55,1
15215_100,1
9218_158,1
2180_32,1
15996_47,0
12288_96,0
12985_52,1
3224_22,1
11864_37,1
11622_28,1
5780_35,1
10404_172,1
16328_149,1
3447_19,1
7932_118,1
19693_151,1
10828_103,1
4116_5,0
18168_161,1
6053_16,1
9188_128,0
2651_60,0
7735_181,1
19189_9,1
8369_127,1
4852_129,1
19607_3,1
16939_160,1
1051_111,1
16761_160,1
10577_135,1
7552_87,1
12194_138,1
6345_74,0
17641_58,0
2824_84,1
9041_22,1
11343_48,1
1121_31,1
1822_47,1
9839_29,1
12470_89,1
4154_92,1
10672_169,1
6760_89,0
10026_25,1
14253_158,1
653_141,0
7681_77,1
6954_19,1
4899_121,1
5092_19,1
4924_163,1
16815_155,1
3556_55,1
8608_54,1
3610_117,1
16940_154,1
13844_112,1
18759_56,0
5743_18,1
17265_58,1
18750_32,1
13680_35,1
17212_46,0
11952_103,1
19812_12,1
19208_31,1
12986_90,1
3751_6,0
12707_159,1
7522_29,1
14015_37,1
20049_33,1
6160_119,1
10565_30,1
12063_138,0
10845_126,1
18579_126,1
11381_91,0
6669_20,1
11020_135,1
6090_43,1
5371_180,1
3372_157,1
20091_139,1
10317_168,1
11774_131,1
18670_21,1
4520_81,1
1395_80,0
18227_63,1
1973_68,1
5695_77,1
13951_140,1
943_150,1
19949_114,0
14293_32,1
8047_81,0
8636_164,1
259_96,1
6023_85,1
16298_65,1
8954_129,1
6533_16,1
469_39,1
13804_87,0
2061_36,1
3740_36,1
17100_95,1
2962_90,1
11972_133,1
19659_136,1
9365_161,1
17518_111,1
12532_173,1
12349_141,1
13643_36,1
4208_64,1
12723_42,1
17558_44,0
2798_62,1
6941_113,1
8876_94,1
10133_25,1
1289_118,1
11514_46,0
5279_124,1
2953_182,1
4008_22,1
12707_154,1
12127_31,1
12868_87,1
13287_177,1
8903_125,0
4446_47,0
5257_73,1
5769_113,1
19351_65,0
5889_51,1
19227_21,1
2718_58,0
6055_67,1
17389_43,0
10929_43,1
15158_112,1
10084_61,1
17186_181,1
17550_46,0
1992_104,1
17450_154,1
3813_101,1
6189_73,1
12436_23,1
18596_50,1
16490_155,1
18416_13,1
11673_157,1
5291_11,1
1344_3,0
17810_150,1
16664_160,1
9613_166,1
16115_44,1
1201_146,1
13165_107,1
5532_24,1
765_77,1
9222_170,1
261_32,1
2304_91,1
19047_11,1
2489_16,1
1269_6,1
4099_122,1
15071_150,1
2428_32,1
9891_27,1
6292_10,1
487_132,1
9740_22,1
4275_11,1
5985_73,1
19212_87,0
18190_65,1
7464_84,1
14750_181,1
13618_36,1
16392_158,1
10079_128,1
20027_149,0
12933_173,1
19219_91,1
14923_94,1
16582_160,1
19998_68,1
7063_48,0
6328_10,1
19788_126,1
6851_160,1
8865_151,1
11845_130,1
12806_105,1
4572_116,1
11079_131,1
4910_134,1
2881_125,1
13970_38,1
17007_63,1
12866_34,1
15123_110,1
7049_123,1
12349_143,1
3364_134,1
2077_113,1
585_113,1
11770_60,1
4026_18,1
7836_15,1
11158_129,0
10667_23,1
5450_21,1
7453_34,1
7405_16,1
4389_129,1
18476_121,1
2985_114,1
13893_48,1
4206_89,0
10613_163,1
11019_134,1
13226_64,1
18055_122,1
9741_164,1
10939_134,1
8745_21,1
1182_104,1
1616_8,0
5290_133,1
17722_46,0
2649_90,1
19467_52,1
19112_124,1
16735_152,1
92_80,1
314_167,1
4419_19,1
1591_103,1
8319_166,1
9174_166,1
19172_115,1
11460_26,1
13373_170,1
11895_39,1
3236_120,1
5711_122,1
14585_56,0
6296_17,1
9099_134,1
18237_16,1
4566_41,1
9943_99,1
4859_137,1
9036_27,1
11882_60,1
4167_87,1
7164_28,1
7894_47,0
3825_101,1
16200_155,1
3316_65,0
13384_98,1
2367_104,1
12420_27,1
17875_54,1
18016_64,1
19649_36,1
14689_186,1
3087_84,1
16559_63,1
9638_48,1
1198_149,1
11151_144,1
15068_151,1
2977_30,1
13362_147,1
17068_155,1
6590_124,1
19825_118,1
9169_169,1
18473_18,1
1849_95,1
17851_117,1
6384_114,1
11350_161,1
4680_97,1
1858_146,1
281_54,1
13314_42,1
15117_46,1
13589_32,1
18146_72,0
12953_62,1
3379_23,1
4332_22,1
2796_44,0
18407_12,1
18891_47,0
19688_138,1
9330_28,1
2305_160,1
13371_170,1
14463_180,1
15682_182,1
16134_151,1
11142_28,1
4438_77,1
14778_62,1
19722_3,1
8139_85,0
13513_108,1
1237_136,1
14616_160,1
7409_16,1
7441_66,0
19961_70,0
8616_132,1
7379_11,1
14141_147,1
9471_24,1
19323_135,1
271_80,1
1543_76,1
9345_105,1
18367_25,1
11809_36,1
9911_165,1
14444_137,1
6322_10,1
14209_142,1
17977_95,1
9967_85,1
1451_121,1
761_3,0
15110_110,1
6893_141,1
18047_145,1
14527_138,1
697_77,1
14854_158,1
17929_73,1
7235_22,1
6747_61,1
14705_158,1
12000_31,1
16428_158,1
13348_174,1
10411_161,1
6502_17,1
16421_158,1
18802_130,1
1576_45,0
5906_119,1
16169_111,1
7407_113,1
10844_102,1
3627_21,1
13000_39,1
14192_170,1
4456_30,1
5445_54,1
11104_127,1
18705_123,1
13204_93,1
237_117,1
3557_106,1
9622_83,1
13745_139,0
9742_130,1
10902_83,1
13201_89,1
15228_154,1
14042_105,1
10493_129,1
6249_120,1
1206_19,1
18418_115,1
6586_57,0
13940_112,1
9450_47,1
13047_160,1
15960_43,1
11573_161,1
13069_90,1
18157_74,1
18254_81,1
19827_127,1
9437_132,1
17700_57,1
13383_140,1
2528_121,1
6432_119,1
2133_83,1
7786_29,1
2521_62,1
10402_82,1
12587_145,1
8388_126,1
19822_11,1
5086_107,1
11014_148,1
11692_56,1
18927_44,0
3208_72,1
9328_148,1
10157_142,0
5610_65,0
14277_43,0
14217_105,1
3200_158,1
18919_35,1
5694_116,1
18646_73,1
20001_114,1
169_27,1
9691_130,1
11439_82,1
2062_96,1
9564_46,1
6154_113,1
19803_15,1
11562_86,1
383_0,1
9687_164,1
4173_96,1
12468_64,1
5821_20,1
16356_60,0
12475_32,1
9605_126,1
14235_175,1
14699_151,1
7384_76,1
2754_88,0
11583_165,1
11708_36,1
5846_69,1
17508_62,1
7779_32,1
8933_95,1
4521_21,1
132_124,1
14355_95,1
10635_127,0
11156_43,1
18651_58,1
270_152,1
417_125,1
15683_111,1
1128_8,1
12370_171,1
18274_179,1
1682_8,0
5628_29,1
11813_135,1
15128_100,1
14481_56,0
306_120,1
6212_19,1
4239_142,1
10714_168,1
9829_30,1
11265_24,1
13165_56,0
16465_44,1
5913_18,1
10606_89,1
10398_62,1
5856_115,1
17471_64,1
2055_37,1
11625_22,1
7069_114,1
3625_84,1
8826_29,1
6622_76,1
6975_11,1
8625_102,1
8000_16,1
3309_43,1
6824_77,1
6417_117,1
7671_13,1
10773_53,1
5675_26,1
17370_150,1
3490_29,1
18216_163,1
500_131,1
7161_75,1
5277_69,1
5226_21,1
15615_110,1
17413_152,1
17049_57,1
8786_135,1
9967_86,0
3818_26,1
12221_30,1
1427_123,1
5741_135,1
17947_5,1
9055_130,1
12740_144,1
11292_54,1
5729_83,0
4268_116,1
537_95,1
17983_73,1
2859_78,1
9182_125,1
5781_28,1
6703_116,1
4313_18,1
19090_118,1
7657_11,1
1743_15,1
7878_134,1
892_1,0
5622_187,1
8456_64,1
10418_31,1
6450_67,1
19913_99,0
14950_154,1
13930_147,1
4960_24,1
6678_22,1
5068_120,1
2211_157,1
14978_60,1
9664_133,1
656_183,1
4429_17,1
15281_152,1
10623_172,1
12596_160,1
4814_113,0
19653_146,1
17378_45,0
11745_131,1
1687_52,1
8118_24,1
7853_14,1
13407_176,1
16105_152,1
12760_145,1
10241_162,1
10597_170,1
6560_13,1
11477_126,0
4719_151,1
10919_125,1
8916_31,1
2819_72,0
11172_165,1
15768_98,1
7431_119,1
16655_44,1
11829_163,1
7486_10,1
14674_181,1
10677_61,1
1784_105,1
12631_170,1
3572_119,1
581_43,0
1466_85,1
3508_10,1
18585_53,1
19815_106,1
2799_62,1
9024_30,1
9806_99,1
3664_67,0
10644_30,1
13591_49,0
4416_114,1
4165_117,1
803_56,1
20046_115,1
19078_62,1
5871_82,1
13721_63,1
12372_139,1
1007_117,0
15191_180,1
17764_94,1
12440_143,1
1836_0,1
10244_83,0
669_70,1
15430_157,1
8173_155,1
15261_45,0
16639_182,1
3729_142,1
7393_131,1
5677_123,1
4455_101,1
6239_42,1
9305_62,1
19805_25,1
3627_29,1
13921_42,1
1277_131,1
2830_149,1
12968_146,1
12803_37,1
12245_44,1
13633_142,1
4968_91,1
4515_104,1
7346_121,1
18729_94,1
572_8,1
8960_44,1
1633_124,1
10614_149,1
1848_19,1
5408_69,0
7194_70,1
12902_35,1
4174_79,1
12255_90,1
12313_57,1
9226_103,1
4151_52,1
16079_151,1
12780_139,0
2183_121,1
16051_62,1
6155_13,0
7675_149,1
10975_30,1
17889_61,1
11972_126,1
15889_179,1
18169_155,1
17147_94,1
11931_163,1
1482_61,1
3212_66,0
11373_166,1
5053_5,1
9258_130,1
5035_50,1
128_86,0
14173_58,1
3232_140,1
11381_59,0
15482_111,1
6711_77,0
4124_187,1
12382_32,1
11657_30,1
12765_143,1
15434_97,1
4788_97,0
19042_62,1
10441_101,1
12319_61,1
3311_58,1
16100_157,1
2452_82,0
3521_142,1
14840_180,1
8493_163,1
1056_49,1
11763_164,1
18851_88,1
472_9,0
4610_25,1
13348_170,1
17531_180,1
8777_135,1
4017_38,1
19495_118,1
16022_98,0
1021_126,1
18791_126,1
13043_171,1
5741_132,1
5406_52,0
3299_76,1
12462_36,1
7435_113,1
3400_29,1
16866_154,1
2743_43,1
19698_138,1
17983_75,1
13491_175,1
8317_80,1
18893_84,0
9087_163,1
1753_112,1
10925_28,1
4676_77,1
12748_39,1
12125_59,1
12612_33,1
11578_177,1
329_156,1
13527_49,0
215_181,1
8407_93,1
13252_87,1
19945_113,1
9204_126,0
18167_59,1
12360_142,1
9531_22,1
11243_152,0
10595_21,1
6610_56,0
204_94,1
18050_138,0
14129_40,1
3612_141,0
19076_127,1
1410_74,1
4037_16,1
19250_143,1
3831_178,1
15438_150,1
6592_70,1
4423_13,1
13069_87,1
265_27,1
19361_8,0
4150_97,1
13497_61,1
4662_150,1
17186_187,1
19942_165,1
15838_150,1
7021_60,1
14155_48,1
7470_15,1
3334_118,1
8627_134,1
9199_141,1
19216_61,1
1929_148,1
1166_49,1
5820_17,1
14084_95,1
12952_92,1
11087_143,1
16029_63,1
7276_115,1
11524_7,0
2037_154,1
106_102,1
1171_48,1
4449_131,1
5924_123,1
18613_87,0
17567_95,1
14638_43,0
3578_22,1
11702_132,1
11492_142,1
18604_111,1
7618_15,1
4245_52,1
11868_131,1
7112_132,1
3111_45,0
3475_0,0
3736_142,1
16155_111,1
7864_22,1
4198_134,1
7678_19,1
8805_150,1
13729_39,1
17344_46,0
12569_88,1
2104_28,1
5322_20,1
3014_120,1
17032_159,1
3213_16,1
8321_62,1
4410_97,0
15121_65,0
7977_15,1
11334_100,1
3687_19,1
7836_20,1
7834_122,1
12348_140,1
14620_41,1
9836_129,1
15226_158,1
14320_151,1
12921_172,1
5511_14,1
52_20,1
8684_129,1
7729_76,1
7082_15,1
8709_125,1
11720_21,1
5510_21,1
19728_99,1
18486_134,1
12954_40,1
16172_111,1
14052_42,1
6197_11,1
12794_61,1
2240_136,1
5455_131,1
15676_149,1
4858_62,1
9943_97,1
16232_97,0
19090_114,1
9408_29,1
1106_179,1
6131_119,1
1986_161,1
1562_41,1
7366_123,1
17111_94,1
11674_126,1
8369_133,1
7427_124,1
15231_47,0
10859_146,1
8198_31,1
7929_143,1
7323_113,1
18440_62,1
3316_57,1
8658_145,1
11419_101,1
8674_26,1
1521_36,1
13327_40,1
18347_155,1
4785_28,1
14325_52,1
10903_82,1
2529_122,1
8752_32,1
2990_69,0
10226_126,0
2125_170,1
1268_66,0
1652_23,1
5848_62,1
2564_136,1
5957_69,1
6171_56,0
13882_65,0
8310_163,1
861_33,1
2269_69,0
1577_99,1
3466_143,1
15208_158,1
17538_62,1
9423_22,1
12581_21,1
1564_143,1
8543_22,1
14021_174,1
6509_174,1
13948_152,1
18770_73,1
6540_68,0
12558_183,1
346_20,1
6287_10,1
12675_94,1
19192_67,0
9335_26,1
14320_153,1
8283_85,1
2981_32,1
12329_93,1
2029_7,1
464_17,1
13976_35,1
3279_52,1
5957_79,1
376_82,0
17717_46,0
8374_30,1
12540_37,1
11197_157,1
1241_133,1
1918_149,1
4207_77,1
517_141,1
12317_64,1
8392_183,1
17825_60,1
16836_43,1
13200_110,1
14341_140,1
8356_35,1
16204_183,1
8442_63,1
11464_94,1
5715_28,1
17528_94,0
10869_84,1
3149_43,1
102_173,1
15699_98,0
7855_101,1
12241_166,1
13161_36,1
1313_138,1
1979_159,1
5694_123,1
5609_125,0
9269_130,1
16510_160,1
16456_160,1
17819_68,0
19453_68,0
3130_46,1
7432_115,1
7109_10,1
18543_25,1
5162_161,1
14105_48,1
19742_0,0
3087_86,1
804_155,1
11058_126,1
17931_72,1
17863_153,1
9320_57,0
4113_84,1
13105_92,1
15866_43,1
11484_56,0
186_46,0
5701_16,1
5651_101,1
3465_75,1
4728_159,1
14387_172,1
9636_125,1
4507_12,1
18489_87,1
4674_31,1
12827_153,1
9928_142,0
10115_162,1
9674_128,1
11058_133,1
9062_102,1
4239_137,1
6398_121,1
10979_62,1
4878_48,0
14941_65,1
4361_72,0
10178_44,1
5443_166,1
15441_43,1
15941_186,1
211_82,1
19555_40,1
12774_174,1
9608_81,1
15521_99,1
4792_20,1
7740_22,1
6263_35,1
7780_75,1
9521_29,1
10782_133,1
9400_26,1
9322_168,1
11110_54,1
3361_59,0
18235_47,0
13828_160,1
11586_154,1
2240_134,1
4700_95,1
17413_149,1
20019_156,1
13457_145,1
10633_168,1
14051_144,1
11169_62,1
11061_129,1
6367_116,1
1899_6,1
7579_63,1
7780_66,0
14575_44,1
3472_115,0
5149_17,1
12944_37,1
15972_151,1
5942_122,1
7797_80,1
3922_42,1
4548_126,1
19663_9,1
4517_53,1
17367_153,1
6480_27,1
10995_26,1
6360_67,0
13874_33,1
4045_42,1
10099_80,1
7984_65,1
11207_91,1
15687_112,1
7204_15,1
16478_43,1
2403_156,1
129_139,1
2110_124,1
10383_162,1
10467_160,1
5165_73,1
3530_153,1
3522_59,1
13399_32,1
9666_167,1
4886_127,1
9202_45,0
3264_53,1
1782_157,1
1500_53,1
9315_136,1
7167_23,1
9533_94,1
10804_166,1
15057_184,1
18678_29,1
11684_161,1
7387_11,1
3304_138,1
13052_58,1
5664_130,1
16959_185,1
2886_160,1
18217_39,1
2959_25,1
17945_38,1
150_28,1
2532_48,1
18355_40,1
11714_94,1
19059_39,1
17394_58,1
6378_13,1
16269_151,1
5150_120,1
7991_18,1
14309_171,1
414_136,1
18693_128,1
8865_154,1
13612_48,0
15585_43,1
15107_154,1
16569_149,1
5974_122,1
18479_76,1
13888_140,1
2741_114,1
7182_168,1
12142_63,1
4338_164,1
781_42,1
5816_16,1
17559_160,1
6376_120,1
15080_159,1
18432_26,1
7655_19,1
12283_29,1
6228_72,1
10360_168,1
16144_61,1
8289_102,1
16561_99,1
18687_33,1
4705_47,1
11490_59,1
17671_181,1
12928_64,1
9358_131,1
6719_119,1
6960_12,1
3776_85,1
17026_150,1
18474_156,1
19347_86,0
1564_137,1
9965_104,1
18312_44,1
8664_28,1
4521_29,1
4159_30,1
246_8,1
10081_126,1
4717_164,1
13133_146,1
6478_20,1
2925_174,1
15049_45,0
12139_144,1
18474_155,1
9021_151,1
6257_22,1
7969_127,1
17819_67,0
2652_30,1
3430_62,1
18432_30,1
17248_99,0
6552_60,1
5230_0,1
814_18,1
16629_45,0
1560_52,1
11937_143,1
11127_164,1
15347_150,1
16188_155,1
2656_16,1
3751_5,0
6476_75,1
3510_67,0
9813_31,1
19752_153,1
888_67,1
4089_103,1
8114_21,1
19399_100,1
13493_38,1
13995_176,1
2658_148,1
6572_13,1
12170_31,1
6254_166,1
19750_42,1
10271_166,1
4776_26,1
13824_45,1
13959_170,1
5188_56,0
16414_160,1
15712_46,0
3775_78,1
6401_118,1
12955_34,1
7130_122,1
19796_69,1
13051_170,1
490_82,0
464_10,1
14045_97,1
293_81,1
6869_34,1
1169_27,1
8662_27,1
4268_117,1
7880_115,0
18433_25,1
5314_96,1
180_126,1
5279_117,1
8282_21,1
2925_170,1
7123_19,1
13973_35,1
7358_113,1
5813_117,1
10309_170,1
2859_75,1
16955_60,1
11171_125,1
2943_68,1
4026_20,1
6101_58,0
18466_124,1
6689_122,1
17693_100,0
473_5,1
5404_81,1
7014_122,1
14592_140,1
13098_90,1
16181_44,0
4582_29,1
19051_115,1
2581_146,1
14619_177,1
12997_92,1
52_13,1
4367_173,1
2733_28,1
5061_97,0
9509_103,1
13258_35,1
7705_16,1
15153_152,1
9404_23,1
14021_176,1
5300_23,1
17073_155,1
7640_135,1
11490_63,1
4428_15,1
4600_18,1
12527_88,1
11597_94,1
14098_32,1
1058_168,1
8601_127,1
5270_118,1
17889_59,0
1284_152,1
19648_146,1
15133_156,1
8479_125,1
2762_35,1
19575_142,1
8606_86,0
9126_46,0
13238_32,1
6956_118,1
2719_48,0
12264_80,1
7839_12,1
2089_74,1
12352_141,1
11982_88,1
614_108,1
912_113,1
6457_96,1
1835_41,1
15145_158,1
14041_178,1
1161_164,1
11694_131,1
19076_126,1
10804_164,1
12845_41,1
15483_98,0
16459_187,1
2839_39,1
11041_174,1
1504_155,1
4582_24,1
3724_117,1
12174_53,1
5246_163,1
8819_30,1
6450_74,1
13483_105,1
4505_143,1
9824_133,1
12634_173,1
4754_144,1
11456_133,1
1479_154,1
17390_45,1
7632_66,0
9772_43,0
15292_183,1
363_36,1
13631_32,1
76_108,1
17367_158,1
15961_44,1
1517_70,0
1068_82,1
8645_80,1
11048_128,1
13146_45,1
7561_62,1
4008_27,1
1447_115,1
6579_79,1
10733_106,1
5560_11,1
5398_59,0
12569_93,0
5487_142,1
10467_151,1
337_137,1
7832_32,1
16671_94,1
4360_65,1
11172_163,1
1869_19,1
10743_83,1
1456_74,1
18238_156,1
5508_20,1
19363_26,1
7297_66,1
7674_114,1
13572_36,1
18841_44,1
9859_131,1
13933_139,1
3335_158,1
18963_162,1
7600_69,1
1658_156,1
10186_96,1
18768_145,1
1772_81,1
12062_165,1
4688_43,0
4001_103,1
12530_31,1
10163_22,1
11386_154,1
1455_141,1
11107_28,1
18745_151,1
10402_80,1
14084_98,0
3447_13,1
4747_134,1
5230_3,1
13350_39,1
12167_82,0
1361_107,1
5699_81,0
11016_81,1
1808_22,1
18381_100,0
10110_162,1
13001_36,1
7060_29,1
10759_128,1
3302_95,1
19776_45,0
5045_125,0
12171_166,1
7107_124,1
10207_83,1
14710_61,1
19945_114,1
19820_131,1
17809_3,1
18363_158,1
19405_151,1
15209_151,1
9540_133,1
8928_90,1
7467_120,1
18036_123,1
33_82,1
6904_6,1
6218_46,1
5282_138,1
3257_77,1
3178_11,1
19891_37,1
13222_57,1
1549_30,1
6501_135,1
16916_149,1
697_67,1
5493_84,1
13152_176,1
13778_89,1
8617_26,1
8455_132,1
2601_57,1
13180_170,1
17542_109,1
3363_14,1
19518_158,1
16955_96,1
6252_21,1
12707_152,1
12979_36,1
9080_127,1
3259_39,1
18795_77,1
12088_87,1
4000_79,1
4292_142,1
19636_27,1
15200_46,0
6979_71,0
15649_65,0
3857_82,1
7140_27,1
16698_43,1
16440_111,1
13907_32,1
8835_83,1
152_132,1
12200_27,1
1188_1,0
4914_46,0
6621_13,1
16345_183,1
4674_29,1
15406_46,0
12723_34,1
16998_149,1
7353_11,1
4774_22,1
15196_95,1
8099_35,1
4347_52,0
9475_132,1
12970_58,0
9526_46,0
3093_72,1
550_18,1
5670_124,1
11090_26,1
2468_81,0
6603_121,1
3628_58,1
12504_142,1
18795_68,1
10919_127,1
11845_57,1
457_153,1
17470_150,1
13914_34,1
13069_93,1
18692_177,1
705_97,0
14734_149,1
1674_57,1
10898_175,1
1843_7,1
10469_161,1
1525_128,1
8830_136,1
2187_152,1
8556_28,1
11307_23,1
14356_138,1
3661_12,1
6890_18,1
19905_84,1
16419_160,1
3484_50,1
9906_56,1
19537_40,1
7788_10,1
10744_27,1
9142_126,1
9078_94,1
2993_120,1
5295_18,1
4893_70,0
19639_33,1
4258_110,1
4041_127,0
13003_91,0
11165_95,1
8220_94,1
3945_41,1
12218_21,1
4725_90,0
19326_29,1
2710_96,1
18317_120,1
10155_88,1
11014_139,0
18977_125,1
10728_83,1
17042_43,1
15949_153,1
9967_83,1
14462_175,1
15854_111,1
1973_75,1
8720_145,1
516_47,0
2712_145,1
5034_65,1
3384_23,1
12526_57,1
10415_85,0
9009_104,1
13142_61,1
13110_184,1
14480_146,1
18069_93,0
1768_73,1
6711_67,0
3416_104,1
10359_131,1
10211_65,1
6813_113,1
1732_71,1
19063_120,1
6224_11,1
1355_27,1
4040_48,0
11638_125,1
16995_46,0
12425_139,0
2210_110,1
9801_83,1
13598_87,1
17753_46,0
17376_98,1
14508_57,0
14025_33,1
10282_53,1
8552_62,1
6665_69,1
3952_94,1
3461_81,0
6367_119,1
8845_128,1
19425_144,1
10072_44,1
1518_7,1
11649_54,1
12216_170,1
10580_103,1
10603_167,1
7288_20,1
5584_110,1
19009_36,1
17540_150,1
16977_99,1
1394_14,1
13507_178,1
3078_121,1
17237_46,0
14680_61,1
10960_171,1
11470_103,1
14506_35,1
8139_80,1
4340_17,1
14796_94,1
9989_104,1
10488_6,1
17556_43,1
2953_185,1
15277_109,1
5197_135,1
13841_48,1
4587_85,1
2674_136,1
9335_29,1
3419_52,1
88_22,1
3834_152,1
14432_54,1
1221_125,1
15895_160,1
19042_63,1
13057_42,1
19951_160,1
10199_81,1
18812_95,1
12413_30,1
11043_186,1
8606_63,1
12493_27,1
2010_18,1
14240_172,1
2785_54,1
80_121,1
14654_184,1
15322_96,1
6075_117,1
19497_84,1
11286_21,1
9464_31,1
6713_37,1
4109_12,1
6069_22,1
15656_45,1
8375_103,1
1270_18,1
16426_151,1
18937_27,1
8381_9,1
1274_76,1
10392_55,1
1867_110,1
16530_44,1
1287_79,1
9577_86,0
4072_61,1
8252_21,1
15002_153,1
9919_58,0
6875_67,1
296_132,1
14316_185,1
18770_67,1
13153_148,1
16982_45,0
7918_130,1
15398_155,1
15802_45,1
20057_142,1
7166_82,0
8889_103,1
1434_167,1
15420_154,1
7977_11,1
1610_134,1
19295_17,1
14528_137,1
18185_185,1
3708_71,1
17817_133,1
12689_108,1
2115_16,1
766_86,0
10894_82,1
4786_100,1
14525_146,1
11026_82,1
11048_125,1
9755_46,0
16379_46,0
19281_17,1
19151_75,1
1176_16,1
2707_31,1
19606_151,1
16498_182,1
893_166,1
14176_107,1
12231_83,1
10747_145,1
5581_25,1
19710_143,1
17830_1,1
7789_14,1
7716_13,1
9342_165,1
3592_57,1
19183_120,1
13930_65,0
3146_75,1
1287_68,0
9679_25,1
8545_130,1
16548_179,1
7780_72,0
8733_132,1
18246_120,1
7808_32,1
3541_80,1
4479_25,1
17981_73,1
12172_163,1
4049_75,1
4292_137,1
16346_187,1
17635_182,1
15338_151,1
17835_3,1
15209_150,1
9468_23,1
17045_180,1
18993_149,1
13505_138,1
7893_12,1
12589_146,1
987_60,0
13311_87,1
7126_171,1
13123_39,1
10930_57,1
12789_171,1
7415_12,1
9196_64,1
11760_27,1
10611_102,1
3669_86,0
18097_95,1
1132_90,0
16977_96,1
10470_125,1
7010_158,1
8982_101,1
7400_73,1
3415_168,1
369_14,1
13036_65,1
14069_137,0
8279_21,1
7458_19,1
10787_27,1
6540_67,1
14458_145,1
10805_28,1
19973_146,1
12687_174,1
4118_137,1
10598_63,1
16348_154,1
11839_133,1
16023_152,1
16761_153,0
7392_123,1
6362_73,1
7831_103,1
16659_63,1
16428_153,1
12050_46,0
16667_156,1
18498_172,1
3226_31,1
1821_130,1
17084_152,1
16536_57,1
11526_55,1
8826_21,1
406_10,1
14915_187,1
1158_97,1
14489_52,1
18514_25,1
7220_20,1
16660_154,1
16667_159,1
114_156,1
2433_131,1
2863_82,0
5490_145,1
13492_175,1
6855_130,1
5788_80,1
16104_63,1
18088_138,1
16322_45,0
2815_171,1
10303_29,1
4522_124,1
13413_145,1
2754_87,0
16531_62,1
977_75,1
10111_42,1
10238_176,1
10696_168,1
14986_157,1
17410_43,0
2235_108,1
4534_88,1
1319_120,1
4881_143,1
17458_155,1
18191_127,1
7230_11,1
1518_9,0
18493_60,1
1562_40,1
6075_119,1
12519_59,1
19780_160,1
6912_17,1
9956_80,1
4893_79,1
17387_43,1
4904_101,1
11220_48,0
17736_58,1
6637_117,1
11741_168,1
17430_62,1
185_3,1
2919_10,1
1324_2,0
8346_47,1
4707_30,1
9637_51,1
4416_113,1
580_183,1
4662_159,1
11799_21,1
8249_52,1
7529_145,1
2272_29,1
17825_58,1
7042_27,1
15274_180,1
925_73,0
13500_140,1
10291_125,1
1716_56,0
7098_3,1
15899_149,1
5621_53,1
6248_115,1
7680_122,1
14124_105,1
14154_32,1
9131_133,1
8852_33,1
4304_113,1
13903_35,1
3472_122,1
19105_61,1
19107_82,1
61_94,1
5268_47,0
11559_125,0
17530_153,1
9061_150,1
8548_166,1
4381_19,1
19794_82,0
6839_147,1
6553_86,1
9865_168,1
3849_17,1
6636_77,1
19236_53,1
4707_24,1
9608_64,1
15572_44,1
3367_68,0
3480_106,1
8307_24,1
17783_151,1
9813_28,1
4007_67,0
6133_138,0
12555_61,1
17295_151,0
3160_129,1
16745_94,1
11450_29,1
7795_86,0
8399_38,1
9209_25,1
3490_21,1
13838_137,1
2950_99,0
18504_90,1
9103_86,1
8579_59,0
10916_46,0
18944_95,1
13279_32,1
6375_16,1
4542_19,1
18965_59,1
1612_105,1
11636_134,1
14507_100,1
4276_18,1
15776_44,0
2039_129,1
19348_23,1
3812_159,1
11255_80,1
20098_43,0
8481_50,1
15646_159,1
11329_169,1
19365_128,1
17874_148,1
5022_51,1
11972_132,1
2049_20,1
14738_157,1
3339_16,1
13078_142,1
14665_111,1
2737_39,1
6024_131,1
1238_90,1
4930_119,1
12966_107,1
3585_130,1
8606_58,1
7590_57,1
9607_43,0
9637_107,1
12745_49,1
10041_100,1
14364_87,1
18863_66,0
17305_182,1
3103_151,1
15973_64,1
7064_103,1
8221_135,1
5674_30,1
15469_58,1
12515_107,1
15308_46,0
8598_161,1
17386_43,1
13334_32,1
4175_126,1
11058_128,1
7255_114,1
18590_142,1
15039_157,1
2437_96,1
2555_64,1
1829_81,0
19921_8,0
10585_63,1
19308_125,0
732_156,1
16220_5,0
4938_22,1
415_21,1
11674_125,1
7275_17,1
8096_160,1
8781_131,1
4301_82,1
19991_93,0
17286_157,1
9171_62,1
10221_102,1
9989_154,1
4246_33,1
11335_52,1
7514_113,1
15798_94,1
19857_46,1
5087_119,1
11997_48,1
9361_43,0
8023_80,1
1946_74,1
5100_38,1
14548_137,1
16689_149,0
1721_58,1
14046_62,1
9143_31,1
16892_95,1
11027_36,1
5007_76,1
1532_113,1
3345_30,1
15119_149,1
17165_46,0
8391_34,1
3474_145,1
13642_90,1
3103_154,1
13951_142,1
265_24,1
19011_100,1
2771_36,1
18444_6,1
10399_25,1
2728_127,1
7077_143,1
4640_88,0
3137_151,1
3378_20,1
12105_24,1
391_28,1
886_136,1
862_165,1
19763_81,1
12156_175,1
30_61,1
3755_16,1
12888_149,1
3223_136,1
5698_24,1
14459_181,1
6777_38,1
190_35,1
11257_149,1
1549_25,1
19466_35,1
6417_113,1
17593_46,0
19291_23,1
7776_14,1
12361_170,1
18319_5,0
11102_137,0
378_18,1
17908_48,1
15469_59,1
6830_113,1
10210_166,1
822_99,1
13418_89,1
3573_122,1
12805_39,1
19826_56,1
4217_53,1
6955_120,1
2773_126,1
12193_24,1
8137_132,1
4124_179,1
7628_121,1
1042_28,1
1072_52,1
10245_164,1
15313_61,1
3885_167,1
3871_97,1
3366_79,1
10903_80,1
2823_187,1
5065_121,1
2378_145,1
6112_77,1
10185_80,0
3884_19,1
13862_146,1
11582_163,1
9474_102,1
10051_30,1
6636_76,1
2335_133,1
1374_52,1
9331_126,1
17274_154,1
15700_151,1
18891_43,1
12260_64,1
5291_16,1
8119_81,0
3263_173,1
7916_146,1
14130_148,1
10038_107,1
2582_123,1
1826_25,1
15396_100,1
4562_174,1
4645_79,1
18730_110,1
4371_25,1
18250_39,1
5208_131,1
10306_135,1
7400_75,1
12122_82,1
16853_99,1
6990_121,1
14344_138,1
11420_142,1
16054_43,0
4307_127,1
2861_74,1
5780_10,1
2462_132,1
15220_150,1
8316_136,1
14513_170,1
6592_68,1
7688_10,1
14714_43,1
5029_72,1
10448_83,1
17904_6,1
15761_154,1
3450_76,1
9781_98,0
7625_166,1
8984_24,1
1998_154,1
16432_157,1
16851_58,1
15619_99,0
16946_44,1
4490_141,0
5741_131,1
12767_144,1
17431_46,0
6445_69,1
18967_109,1
11973_51,1
12727_89,1
16050_65,0
10606_88,1
3114_133,1
4001_102,1
17608_94,1
14875_157,1
7854_135,1
16672_98,1
3994_102,1
10331_23,1
3538_77,1
1361_105,1
1420_153,1
17388_45,0
5573_11,1
11653_156,1
8952_147,1
15912_100,1
11605_80,1
674_100,1
18623_97,1
16080_65,0
14103_37,1
14218_137,1
5932_112,1
4776_30,1
10167_169,1
17662_160,1
3824_160,1
6442_133,1
12646_170,1
7259_65,0
6911_13,1
15829_57,1
6568_114,1
6415_119,1
10929_44,1
10368_134,1
1860_154,1
18735_74,1
17981_71,1
6927_165,1
6064_112,1
10112_101,1
12506_87,1
3803_82,0
13950_149,0
935_123,1
11532_46,0
7620_128,1
12953_61,1
13943_5,0
6440_13,1
16240_94,1
18591_120,1
11311_133,1
15418_43,1
11325_51,1
8311_129,0
1979_157,1
18272_34,1
14584_177,1
814_13,1
7465_10,1
19405_149,1
10619_84,1
2879_171,1
12333_24,1
17994_24,1
15557_153,1
1056_80,1
13984_57,1
6707_123,1
215_186,1
8261_164,1
11492_148,1
14224_90,1
12560_53,0
12132_131,1
3046_132,1
6385_138,1
9056_26,1
13385_34,1
9399_151,1
2018_86,0
6806_92,1
3176_44,1
10877_133,1
12380_156,1
7411_66,1
8529_83,1
2194_83,1
4210_32,1
13156_152,1
10071_146,1
4637_53,1
5889_56,1
2090_88,1
19054_111,1
5137_148,1
5029_74,1
10005_29,1
1000_2,1
13752_41,1
7797_83,1
10091_168,1
10072_46,0
17770_183,1
1121_26,1
7534_123,1
19040_68,0
3800_16,1
10571_29,1
17181_43,1
1799_38,1
14472_40,1
1274_67,1
6332_134,1
14613_34,1
3719_24,1
7615_135,1
5788_82,1
13172_156,1
2917_96,1
18611_141,1
13836_35,1
4767_74,0
11933_131,1
239_96,1
12235_169,1
17599_59,0
14950_158,1
5831_85,1
17987_149,1
4272_52,1
54_126,1
12327_30,1
3589_166,1
15870_112,1
11295_139,1
19703_48,1
14_6,1
9726_164,1
9255_136,1
11139_135,1
5844_52,1
2736_171,1
8849_63,1
18514_27,1
3685_21,1
5371_185,1
8087_130,1
5150_122,1
8082_111,1
6362_76,1
5965_121,1
5082_46,1
12898_55,1
19572_74,1
14838_149,1
20018_173,1
3830_70,1
7111_13,1
9106_133,1
19936_95,1
2923_132,1
15208_152,1
6020_124,1
9001_134,1
11221_129,1
6456_84,1
7753_11,1
19978_52,1
12567_175,1
2045_12,1
3979_78,1
5852_54,1
19426_148,1
2835_152,1
285_60,1
3360_13,1
9489_29,1
3907_83,0
9522_52,1
1745_164,1
2540_71,0
7515_34,1
8948_132,1
7363_10,1
17945_41,1
363_38,1
14941_57,1
5970_69,0
6570_76,1
10502_46,0
17550_43,1
3196_148,1
1062_32,1
12306_89,1
10570_162,1
7991_13,1
19439_75,1
5717_114,1
9233_128,1
10510_136,1
13371_174,1
11682_95,1
19630_143,1
17919_35,1
7101_16,1
11262_44,0
1885_169,1
111_123,1
1952_66,0
11463_102,1
1814_161,1
6120_113,1
13141_186,1
3778_66,1
16776_184,1
16349_46,0
4246_35,1
8954_125,1
1964_22,1
11580_104,1
5698_30,1
4013_118,1
9630_157,1
7144_15,1
2456_129,1
14136_41,1
14050_87,1
13338_141,1
7225_40,1
16451_63,1
212_35,1
4832_164,1
20025_184,1
13587_90,1
19400_124,1
6362_77,1
13117_42,1
16719_63,1
1049_42,1
16132_160,1
11700_134,1
17905_53,1
13379_51,0
9654_156,1
18942_57,1
2651_65,0
7182_169,1
13150_145,1
19474_3,1
13505_142,1
13153_142,1
16553_184,1
19928_3,0
9901_44,0
15437_151,1
8327_129,1
13271_174,1
11604_169,1
5676_29,1
6964_38,1
11470_101,1
704_164,1
10048_52,1
7014_119,1
13146_46,1
5605_20,1
13379_48,0
157_137,1
1017_75,1
18867_125,1
2263_114,0
9927_167,1
3430_58,1
18499_158,1
16874_96,1
13834_143,1
7035_69,1
14904_154,1
879_24,1
9268_157,1
5298_11,1
337_138,1
12970_59,0
16328_150,1
16205_63,1
9831_142,1
11400_46,1
19384_45,1
19940_70,1
14060_137,1
9926_60,0
723_7,0
13728_65,0
4543_135,1
5685_55,1
8580_83,1
16297_94,1
8784_61,1
12726_141,1
2807_122,1
435_73,1
6293_36,1
8215_130,1
299_155,1
19614_97,1
17901_37,1
4965_129,1
2997_81,1
17311_109,1
5659_73,1
5030_137,1
10690_53,1
13079_32,1
15979_153,1
13958_177,1
16451_64,1
6708_72,0
1368_69,0
6199_34,1
19754_118,1
10219_128,0
12088_92,1
14189_32,1
17597_47,0
17558_43,0
3639_121,1
9981_102,1
6893_146,1
8217_125,1
3221_43,1
10394_65,1
8899_80,1
11779_168,1
20078_47,1
4032_161,1
18087_78,1
10573_22,1
8419_52,0
15893_43,1
6863_77,1
3024_163,1
38_176,1
6743_143,1
4678_27,1
5919_103,1
17460_47,0
6705_52,1
13173_170,1
19320_133,1
8686_126,0
5955_11,1
5260_16,1
12146_184,1
6897_68,0
13531_91,0
447_23,1
3979_73,1
2563_114,1
3823_10,1
10562_111,1
8348_134,1
5040_22,1
1645_150,1
7491_28,1
20088_91,0
2158_30,1
7853_20,1
5659_74,1
10255_127,1
10732_60,1
13354_160,1
13795_37,1
6162_115,1
4487_122,1
13981_55,1
5098_144,1
3169_75,1
13542_92,0
16497_158,1
339_25,1
4329_31,1
1390_50,0
12312_33,1
15015_149,1
11320_27,1
15193_182,1
16190_110,1
13131_177,1
9210_48,0
6187_12,1
3563_63,1
7742_38,1
3778_71,1
10678_80,0
3491_97,1
6392_68,0
12740_139,1
13332_147,1
13415_138,0
11491_105,1
1767_31,1
19465_73,1
13756_89,0
1403_105,1
14044_50,1
10104_80,0
16877_46,0
15378_149,1
17643_154,1
6750_116,1
12809_43,1
19975_75,0
9071_99,1
10497_40,1
6168_17,1
6944_12,1
9112_54,1
8864_112,1
10776_129,1
15183_183,1
4920_69,0
13794_175,1
15866_45,1
8159_58,0
9468_25,1
13495_50,1
807_5,0
70_16,1
17773_159,1
17104_65,0
14928_186,1
574_51,1
16114_110,1
5670_113,1
17829_69,1
2299_62,1
5478_20,1
4595_147,1
8166_37,1
18124_2,1
12476_145,1
12975_147,1
18947_1,0
11528_21,1
10237_29,1
14794_154,1
2950_98,0
1153_171,1
19094_139,0
3954_97,1
17945_34,1
3352_122,1
6596_100,0
9005_81,0
635_64,1
11978_127,0
1600_80,1
17327_155,1
8132_33,1
8856_164,1
14600_141,1
5822_70,0
14313_40,1
14210_145,1
19571_45,1
10806_65,1
4349_135,1
18426_63,1
4330_11,1
18703_71,0
621_100,1
5202_117,1
3863_39,1
7516_120,1
8356_33,1
19924_172,1
6200_19,1
7217_119,1
13685_159,1
20049_42,1
2491_114,1
6902_16,1
682_117,1
8335_130,1
8754_125,0
11620_29,1
8354_60,0
1203_82,0
5948_132,1
9763_22,1
7709_81,0
11833_129,1
8166_42,1
10522_130,1
5481_55,1
10646_125,1
14491_37,1
6118_113,1
4090_80,1
11890_160,1
3594_16,1
18558_69,0
3660_83,0
416_98,1
8742_132,1
8570_136,1
13737_39,1
19385_10,1
15433_156,1
8655_148,1
18493_97,1
10727_31,1
1506_63,1
12953_65,0
10000_83,1
4855_13,1
5123_180,1
5503_143,1
11670_63,1
4331_145,1
19382_5,0
14361_140,1
8175_139,1
14159_137,1
11980_177,1
5390_17,1
12970_57,1
13982_32,1
12266_172,1
1962_67,0
3708_79,1
13519_144,1
11432_34,1
17093_187,1
6287_17,1
20080_158,1
6088_139,0
8432_152,0
4291_97,0
15279_180,1
2807_119,1
13353_33,1
8448_81,1
18348_159,1
19596_117,1
3199_127,1
19256_43,0
5534_127,1
1430_79,1
14617_38,1
6392_76,1
8254_26,1
13199_172,1
4618_117,1
18395_113,1
2307_101,1
5374_132,1
8895_21,1
8913_45,0
15105_157,1
15040_95,1
11959_177,1
18382_57,1
16595_97,1
5487_140,1
5150_123,1
10678_84,0
18818_79,1
18561_98,1
7120_19,1
2581_137,1
2673_53,1
19918_182,1
677_22,1
1766_150,1
5216_119,1
7676_121,1
13464_179,1
10784_65,0
985_70,1
11525_137,1
1452_14,1
16953_62,1
16313_46,0
15_138,1
8065_82,1
6825_12,1
100_149,1
12049_93,0
4295_140,0
4783_13,1
7194_78,1
4697_47,0
3904_125,1
15096_61,1
4632_96,1
16236_96,1
19116_130,1
15104_159,1
19045_25,1
12897_40,1
14779_160,1
9978_82,1
8786_53,1
37_54,1
1479_149,1
9983_80,1
1534_136,1
15411_109,1
1906_120,1
9627_127,1
10216_31,1
10761_137,1
274_25,1
7006_104,1
8480_105,1
12645_48,0
9243_151,1
12456_173,1
10465_102,1
13449_137,1
710_157,1
294_33,1
1823_137,1
11110_49,0
16847_98,1
3365_100,1
7992_50,1
15884_157,1
5963_17,1
19799_54,1
9302_22,1
2846_29,1
6799_114,1
19162_115,1
7077_146,1
15347_58,0
227_102,1
13732_174,1
1735_88,1
8747_27,1
12127_25,1
7382_69,1
11042_165,1
15139_157,1
600_126,1
6427_10,1
9758_57,1
17015_61,1
11339_173,1
6116_16,1
11289_164,1
17959_22,1
10052_62,1
10323_43,1
10585_142,1
18566_120,1
18928_184,1
19991_87,1
11564_22,1
11536_110,1
6776_25,1
13212_55,1
6406_150,1
10224_134,1
850_119,1
7697_38,1
4528_103,1
15550_110,1
7921_70,1
127_25,1
8014_21,1
15169_157,1
7787_117,1
13294_52,1
5878_17,1
8490_47,1
4975_59,1
18765_168,1
15394_97,0
13989_111,1
8081_44,1
11364_24,1
16117_99,1
9344_29,1
17944_157,1
8556_24,1
1091_143,1
6889_45,1
4288_74,1
1941_29,1
10507_139,1
11454_162,1
3953_31,1
1848_20,1
13044_138,1
19290_78,1
5928_121,1
5405_15,1
18803_118,1
11509_168,1
16232_98,0
13776_107,1
7615_134,1
625_114,1
1007_113,1
14770_150,1
18874_126,1
10494_96,1
13362_148,1
17429_58,0
2788_75,0
14221_37,1
5904_119,1
14994_154,1
11798_43,1
10071_137,1
1240_133,1
3161_17,1
894_86,0
9374_127,1
3838_81,0
4475_127,0
12748_42,1
17461_155,1
9398_85,1
7119_170,1
15010_97,1
9829_27,1
13353_32,1
5209_125,1
17646_65,1
5369_40,1
2112_127,1
19364_23,1
7130_115,1
19984_46,1
19323_128,1
15066_150,0
324_143,1
13125_39,1
17231_45,0
13159_50,1
10166_135,1
8604_28,1
12031_96,0
3910_15,1
1182_51,1
5290_132,1
10291_134,1
8302_86,0
14817_152,1
14698_154,1
7349_117,1
5923_114,1
4799_19,1
3770_159,1
10595_27,1
19800_142,1
6734_140,1
18567_43,0
261_40,1
11509_164,1
5656_164,1
12936_92,1
2306_28,1
733_45,0
16255_183,1
13399_33,1
19358_135,1
10192_128,1
6704_16,1
10771_138,0
1375_103,1
1131_73,0
14396_138,1
15220_153,1
13592_41,1
1829_85,0
17930_149,1
4640_91,0
16529_43,1
6779_70,1
10744_26,1
8607_94,1
7368_101,1
7527_114,1
5416_182,1
4223_52,1
16008_43,1
6085_118,1
6353_123,1
8191_23,1
11859_166,1
19794_81,0
19353_27,1
14073_32,1
14215_140,0
18262_6,0
18342_34,1
5048_134,1
12576_93,0
1358_31,1
8101_100,0
8685_133,1
13707_33,1
12040_26,1
15711_150,1
15804_43,1
762_86,1
4076_75,1
18649_146,1
10640_161,1
11100_161,1
9989_159,1
6537_70,1
750_89,1
19823_57,0
11968_43,1
13796_39,1
13916_40,1
7861_135,1
10113_139,1
8031_130,1
17300_109,1
1391_119,1
13791_90,1
12651_157,1
9150_23,1
8503_125,1
3711_14,1
19160_153,1
426_127,1
9070_22,1
19993_121,1
12611_142,1
19142_17,1
5616_74,1
318_17,1
17092_160,1
7416_149,1
15429_45,1
10312_21,1
7629_114,1
6611_141,1
7702_115,1
15206_94,1
7563_119,1
12248_84,1
7872_84,0
6766_137,1
14958_157,1
8640_84,0
14145_43,0
6153_18,1
2193_164,1
3611_180,1
19334_80,1
208_133,1
17273_59,0
15896_94,1
15687_65,0
7489_113,1
3233_149,1
7391_74,1
5209_134,1
18705_119,1
13805_109,1
6989_116,0
9377_112,1
5117_68,0
16938_152,1
14741_150,0
13874_42,1
11496_167,1
1032_124,1
4385_63,1
11478_86,0
16913_64,1
4040_89,0
6767_70,1
5003_147,1
15155_156,1
19041_158,1
14978_64,1
3241_138,1
18946_44,1
7316_73,0
10777_159,1
17089_46,0
5239_50,1
6519_71,1
5944_114,1
14410_37,1
5617_17,1
3698_76,1
10286_103,1
31_19,1
711_39,1
4429_16,1
16591_181,1
12138_132,1
12933_175,1
3066_119,1
16417_152,1
5475_14,1
4613_53,1
16514_179,1
16117_97,1
10000_86,0
4875_26,1
14261_173,1
3094_6,0
18201_81,1
13097_47,0
1949_132,1
17206_179,1
9827_34,1
11854_90,1
3314_29,1
1282_125,1
10869_62,1
2962_63,1
833_117,1
1866_66,1
10499_100,0
11480_30,1
8420_21,1
16127_43,1
9668_29,1
1804_20,1
17275_154,1
11407_108,1
3654_128,1
5010_17,1
6424_67,1
17317_158,1
13477_137,0
132_122,1
1011_59,0
11676_171,1
17625_46,1
1991_53,1
18026_115,1
12993_171,1
14746_158,1
1127_120,1
13546_173,1
233_79,1
6027_97,1
19359_68,0
10062_127,0
1683_68,0
5929_113,0
19441_58,1
3727_14,1
6212_10,1
17474_100,0
8923_101,1
2828_76,1
10691_125,0
197_61,1
10811_30,1
20038_117,1
11032_41,1
14929_44,1
10193_128,0
19816_137,1
17966_143,1
1010_13,1
8476_159,1
3304_143,1
6886_127,1
4721_103,1
4661_53,0
19081_113,1
4334_30,1
2158_31,1
9410_162,1
3913_85,0
4348_120,1
4523_31,1
19995_174,1
6213_114,1
17755_43,1
622_74,0
2578_56,0
2433_125,1
2918_135,1
19255_80,1
8410_162,1
14842_158,1
19209_2,0
12867_154,1
1669_154,1
14620_32,1
4353_117,1
7420_71,1
1494_50,1
4256_110,1
6043_66,1
4638_115,1
9558_57,1
16308_157,1
12049_44,0
12427_142,1
7729_78,1
15885_99,1
814_16,1
1464_138,1
4861_16,1
10722_27,1
3666_28,1
5214_10,1
17099_60,1
5467_19,1
2561_66,1
9220_126,1
18254_85,1
9568_133,1
8842_44,1
3003_34,1
7007_70,0
3106_17,1
10237_23,1
3440_131,1
15577_94,1
18581_122,1
6450_89,1
13735_91,1
7898_116,1
15064_45,0
10524_130,1
10798_132,1
7969_131,1
326_18,1
10670_97,1
19287_13,1
5461_117,1
5010_18,1
5550_167,1
813_100,0
1698_80,1
3848_160,1
13474_93,1
8713_164,1
802_95,1
19676_132,1
11864_33,1
15414_180,1
9824_135,1
4178_118,1
13528_65,0
16041_181,1
18261_114,1
18531_66,1
5532_29,1
4078_79,1
3379_22,1
318_19,1
15481_109,1
735_115,1
4754_137,1
1136_97,0
7357_34,1
5678_62,1
3887_63,1
17791_47,0
6430_10,1
14517_65,0
8084_160,1
12951_89,0
7574_75,1
12641_38,1
12211_170,1
17417_181,1
1550_168,1
5119_59,0
18108_66,1
19231_69,0
17493_46,0
3456_77,1
1152_113,1
17225_149,1
9080_131,1
4965_127,1
14158_58,0
1388_40,1
757_96,1
12347_144,1
12295_112,1
14535_140,1
18973_112,1
15248_155,1
10950_62,1
14707_179,1
17169_43,0
13643_42,1
5689_52,1
10475_30,1
17321_154,1
14532_178,1
4014_140,0
20059_88,0
9989_153,1
13801_36,1
19786_81,1
5910_52,1
5288_74,1
4944_10,1
15108_45,1
17871_134,1
8420_27,1
6830_123,1
13644_52,1
7991_14,1
20013_101,1
19582_134,1
3581_51,0
5421_24,1
18268_83,1
18659_125,1
14779_150,1
1466_86,0
9854_21,1
2850_53,1
5686_46,1
9923_43,0
9268_159,1
10427_44,0
7004_120,1
8115_86,0
19551_21,1
3980_159,1
12869_137,0
7145_20,1
10586_165,1
7932_124,1
10122_133,1
5561_124,1
1410_69,1
12576_92,0
1244_163,1
11758_31,1
19600_82,1
5073_101,1
14425_37,1
6029_74,1
5935_135,1
33_83,1
5822_71,0
13132_56,0
11346_58,1
10041_98,1
14415_178,1
5103_185,1
18303_100,1
10823_25,1
3417_83,1
5547_60,0
18433_23,1
12597_174,1
7248_84,1
2420_61,1
9414_162,1
10319_103,1
10983_132,1
10000_82,1
8554_136,1
17982_115,1
8587_98,1
17394_97,0
16155_109,1
5507_83,1
6077_76,1
10306_131,1
17546_95,1
11968_166,1
377_70,1
5330_11,1
2926_43,0
11004_102,1
7317_81,1
7751_72,0
1571_29,1
8535_127,1
276_13,1
4746_28,1
15377_100,1
5019_45,1
159_97,0
10675_166,1
456_122,1
6930_139,1
2784_123,1
5801_120,1
12557_95,1
4624_65,0
10144_42,1
7204_14,1
7874_164,1
7938_168,1
308_86,1
16737_44,1
13528_143,1
3837_151,1
6708_69,0
14799_158,1
3835_99,1
15664_45,1
13145_65,0
7512_99,1
3086_86,0
1041_72,0
11120_126,0
8141_21,1
3252_17,1
5663_167,1
62_94,1
7307_23,1
15460_112,1
5981_113,1
10393_56,1
8000_17,1
18971_10,1
4309_60,1
1094_31,1
17146_100,1
2739_27,1
16334_65,0
8868_23,1
4055_140,1
7473_76,1
2757_76,0
8152_167,1
8810_61,1
1096_111,1
2159_12,1
19811_137,1
7488_16,1
18902_141,1
15452_154,1
10976_140,1
958_82,1
9704_61,1
3316_80,1
258_123,1
9444_104,1
13179_88,1
15668_43,1
16999_152,1
14467_39,1
18874_135,1
113_130,1
4232_105,1
13691_34,1
9972_82,1
795_117,1
18298_149,1
8641_31,1
3938_23,1
10070_49,0
2841_23,1
11214_102,1
438_142,1
8042_133,1
3674_88,1
1039_54,1
3167_113,1
7901_46,0
14241_48,1
192_35,1
16102_183,1
2929_129,1
17873_74,1
2005_145,1
18563_57,1
6189_67,1
15866_46,1
7302_68,0
11070_85,1
14813_155,1
20047_130,1
2213_118,1
29_137,0
1959_75,1
8707_29,1
3126_71,1
3110_78,1
13427_145,1
633_79,1
19375_92,1
1964_27,1
13167_45,0
14928_183,1
4502_159,1
16135_185,1
12192_32,1
10508_126,1
2068_169,1
7128_121,1
572_7,1
2816_82,1
18952_23,1
2129_36,1
6725_11,1
18713_1,1
587_48,1
17577_149,0
12979_35,1
10511_81,1
13783_144,1
4313_17,1
18273_50,1
15430_155,1
10353_128,1
2544_52,1
16266_46,1
8186_138,1
5844_53,1
2605_69,1
13341_33,1
12985_49,1
5889_49,1
4803_46,0
7684_66,1
17963_27,1
16901_159,1
6091_36,1
10702_29,1
7838_14,1
18876_35,1
1146_81,1
6464_90,1
6315_161,1
5031_129,1
4754_143,1
1918_150,1
17932_60,1
16310_44,0
8804_108,1
16397_97,1
16345_179,1
3140_118,1
23_32,1
10912_99,1
2674_127,1
15359_46,1
4828_169,1
13935_40,1
7500_16,1
12008_126,1
809_158,1
1762_115,1
18723_126,1
11615_134,1
17837_125,1
18595_68,1
1902_96,1
6820_68,0
7730_12,1
11943_25,1
18704_24,1
13783_65,0
14641_34,1
14014_52,1
15623_100,1
13810_38,1
11888_85,0
15586_149,1
10432_24,1
13104_58,1
10240_23,1
9636_126,1
2890_5,1
788_6,0
14117_56,0
4986_80,0
12156_173,1
14043_61,1
19389_70,0
349_100,0
4878_50,0
385_87,0
16897_183,1
5839_136,1
5955_10,1
18218_31,1
4074_7,0
5372_116,0
5515_132,1
9222_175,1
1041_70,0
8375_102,1
9843_131,1
19513_34,1
18069_87,1
11128_48,1
11670_60,1
15157_182,1
3_1,1
9943_94,1
7573_16,1
16088_185,1
6208_18,1
4324_16,1
10507_146,1
19527_24,1
10377_128,1
14067_151,0
11250_153,1
3100_114,1
9922_109,1
14832_154,1
10107_89,0
18519_98,0
9119_23,1
14846_112,1
1850_110,1
16934_98,1
5808_154,1
150_24,1
2298_61,1
4024_17,1
5197_134,1
1352_7,0
1431_40,1
15991_95,1
10480_129,1
15762_184,1
7847_29,1
10316_94,1
19719_63,1
2283_179,1
2661_0,0
5621_54,1
4415_14,1
17432_111,1
2347_136,1
8121_144,1
12598_151,1
1152_117,1
4369_28,1
3386_67,0
11687_82,1
6070_23,1
7635_119,1
666_17,1
7121_157,1
5544_135,1
16749_149,1
11502_136,1
299_158,1
3905_55,1
6103_134,1
2376_78,1
768_125,1
5191_21,1
2293_129,0
12036_92,1
2548_37,1
3103_157,1
16306_44,1
4810_118,1
5087_120,1
3075_40,1
8604_29,1
14689_185,1
4493_121,1
13782_140,1
4054_39,1
19623_82,1
17592_43,0
8042_134,1
18139_72,0
347_165,1
11146_53,1
6305_20,1
2978_83,1
9211_129,1
9123_45,0
13070_40,1
7150_10,1
13431_138,1
14718_100,0
18701_120,1
6920_120,1
2859_79,1
19078_63,1
14573_160,1
13767_139,1
10877_136,1
4121_120,1
7755_10,1
14155_51,1
7191_68,1
13935_39,1
4941_50,1
13939_176,1
3380_94,1
15525_158,1
12382_39,1
2067_17,1
18937_22,1
1640_22,1
16069_96,1
3958_10,1
6063_31,1
680_100,0
10660_103,1
8579_82,0
10818_130,1
16019_100,1
13782_137,1
4303_85,1
14961_155,1
6717_81,1
14034_44,1
18393_28,1
9667_52,1
9494_84,1
13011_176,1
19144_72,1
15907_62,1
6611_148,1
6240_22,1
7020_70,1
11326_128,1
8620_57,1
4081_114,0
14987_183,1
4521_26,1
1239_48,1
10723_7,0
16814_155,1
6949_131,1
10394_60,1
5728_118,1
8863_64,1
5849_56,0
12100_162,1
8423_21,1
11684_169,1
9462_26,1
14007_140,0
16690_160,1
18146_73,1
11711_83,1
13449_148,1
17966_138,1
15367_149,1
2833_110,1
13342_42,1
16800_44,0
14570_32,1
14025_42,1
4107_42,1
19001_17,1
16464_149,1
5904_120,1
12933_172,1
3110_69,0
20055_45,0
5511_12,1
15353_111,1
19489_58,1
7712_10,1
11983_129,1
18420_33,1
9364_81,1
14074_35,1
11495_136,1
15548_62,1
17551_46,0
605_88,0
14861_150,1
8912_111,1
7762_113,1
18499_152,1
12953_58,0
12634_176,1
4965_130,1
9160_160,1
8620_58,1
3482_53,0
4361_73,1
16941_160,1
2610_27,1
8828_133,1
9187_127,1
13633_139,1
14004_88,1
5618_22,1
12137_25,1
11379_131,1
7575_22,1
15367_150,1
17188_151,1
12434_36,1
11331_29,1
13081_149,1
6671_14,1
8301_36,1
14253_150,1
14517_58,1
2096_35,1
14731_152,0
10760_29,1
11347_52,1
4510_173,1
1066_109,1
10017_135,1
6722_59,0
9590_144,1
11927_101,1
5386_108,1
16069_95,1
16163_111,1
18126_137,1
19549_15,1
17726_46,1
15702_157,1
14272_57,0
17129_159,1
19939_132,1
1454_71,1
10275_168,1
6653_114,1
19266_102,1
60_95,1
1510_11,1
8675_127,1
6064_62,1
11548_161,1
19165_67,1
6836_146,1
15527_110,1
4200_88,1
12986_98,1
4915_65,0
17631_94,1
6828_121,1
3070_131,1
6669_17,1
18629_64,1
7714_118,1
4316_169,1
6152_65,0
17106_180,1
15239_100,0
18613_89,0
13853_33,1
19072_165,1
13433_36,1
64_84,0
7080_75,0
4164_12,1
12451_173,1
16170_43,0
1345_101,1
16150_62,1
17225_154,1
7811_38,1
4863_76,0
12297_182,1
8549_64,1
9059_97,1
4793_18,1
9919_85,0
15587_150,0
13703_34,1
6301_12,1
4112_60,1
9478_102,1
15664_43,1
4212_74,1
7625_163,1
381_154,1
9394_83,1
8435_31,1
7259_63,1
7922_15,1
14046_151,1
16586_43,1
19909_180,1
6766_144,1
3853_134,1
13274_32,1
9207_136,1
6816_183,1
10771_144,1
11231_65,0
19882_73,1
4488_133,1
13233_139,1
5933_113,1
15852_65,1
14676_156,1
8634_82,0
2238_13,1
11399_63,1
15915_111,1
16078_187,1
15043_65,1
7906_94,1
5649_28,1
3130_47,1
16826_153,1
7431_114,1
2233_114,1
3895_38,1
16823_47,0
13158_33,1
14316_183,1
7307_22,1
7923_85,0
1175_35,1
16821_182,1
7201_121,1
9094_135,1
15314_154,1
12549_38,1
7899_118,1
19362_127,1
3771_17,1
14559_63,1
7827_76,1
2114_166,1
16387_97,1
16455_153,1
2818_83,1
4099_115,1
7601_116,1
1348_97,1
6372_113,1
6443_10,1
9218_156,1
13379_49,0
1626_47,1
13557_52,1
6046_110,1
4398_157,1
8418_128,1
15835_110,1
8870_28,1
6197_20,1
10442_25,1
4786_95,1
9860_134,1
13664_34,1
5873_120,1
17010_96,1
3545_35,1
15520_96,1
17414_154,1
729_183,1
9360_47,1
2980_134,1
10000_85,1
18453_131,1
16460_59,1
7048_115,1
10700_30,1
7110_53,1
182_94,0
13190_145,1
14727_182,1
1227_33,1
13658_137,1
19249_9,0
7535_102,1
11434_132,1
2503_35,1
11426_84,1
13783_141,1
15388_152,0
7918_128,0
1440_136,1
12628_88,1
5729_76,0
13468_92,1
11452_128,1
6324_149,1
12888_153,1
16429_63,1
16716_151,1
6823_77,1
3652_61,1
3397_27,1
8466_52,1
11965_38,1
10724_83,0
15448_60,1
12037_104,1
19167_22,1
5694_113,1
11496_169,1
8375_49,0
8706_48,1
19624_144,1
328_92,1
2050_137,1
14920_149,1
12879_144,1
7030_113,1
12777_57,1
19788_136,1
12739_142,1
802_98,0
1313_147,1
2641_43,0
10676_130,1
5133_17,1
2946_118,1
20071_64,1
13120_94,1
6048_114,1
5867_10,1
4243_66,1
6119_149,0
6675_75,1
7063_49,0
1932_102,1
19222_88,1
7906_98,0
1684_160,1
1641_94,1
18925_95,1
20020_43,1
1495_21,1
18949_73,1
16542_187,1
10930_64,1
17835_1,1
9645_132,1
9091_126,1
7027_120,1
19576_136,1
9211_133,1
11731_25,1
376_80,0
3737_67,1
3714_115,1
338_69,0
5937_94,1
6876_70,1
9903_134,1
11515_134,1
11455_25,1
8450_28,1
14825_112,1
19488_43,1
17644_158,1
19961_77,1
2850_56,0
14951_110,1
19469_8,0
2768_96,1
903_121,1
19625_161,1
9646_55,1
9531_24,1
676_73,1
7752_26,1
13482_151,1
5411_21,1
18828_84,1
17902_27,1
203_16,1
16566_111,1
14990_110,1
17047_183,1
19450_88,0
3145_157,1
18362_96,1
3688_101,1
3589_161,1
3930_39,1
10169_84,0
9070_30,1
5268_44,0
8749_25,1
19009_42,1
19094_143,1
12028_82,0
14584_173,1
7192_134,1
8001_17,1
10841_62,1
14519_62,1
15409_62,1
972_95,1
4869_31,1
10699_82,0
13846_144,1
1903_61,1
394_121,1
2077_116,1
3474_61,1
9539_182,1
4544_45,0
12389_171,1
8318_134,1
15548_60,0
9428_61,1
712_127,1
693_130,1
6048_120,1
1457_16,1
13390_138,0
9459_137,0
9429_159,1
4895_10,1
11376_31,1
10170_164,1
1806_2,1
4590_17,1
12235_167,1
11566_105,1
10617_162,1
11769_83,0
18219_39,1
7048_146,1
5889_69,1
5949_122,1
444_81,0
15013_187,1
17439_181,1
2633_54,1
3222_133,1
5298_13,1
3138_117,1
16464_154,1
8269_126,1
17247_45,1
7585_66,1
13288_89,1
1621_40,1
6608_62,1
7800_31,1
3384_24,1
5229_127,1
3737_78,1
17644_160,1
5490_139,1
8973_132,1
9071_94,1
6892_114,0
10115_163,1
18619_78,1
4211_63,1
12372_142,1
9669_83,0
4096_95,1
3335_153,1
7207_40,1
13841_49,1
7107_122,1
13746_53,1
17821_50,1
36_125,1
10876_131,1
5413_149,1
8076_87,1
17019_151,1
22_30,1
18392_132,1
1266_68,0
5223_65,1
1437_30,1
1835_39,1
3711_19,1
14399_175,1
806_146,1
7673_125,1
13678_59,1
11662_165,1
416_97,1
10440_136,1
12866_36,1
9145_86,1
16338_97,1
9891_21,1
5369_38,1
19912_122,1
3740_33,1
19378_6,1
15318_185,1
9439_22,1
4958_64,1
12329_92,1
2911_16,1
2323_98,1
8836_101,1
9152_43,1
5651_104,1
7040_74,1
8982_54,1
13267_145,1
5630_132,1
61_96,1
1450_53,1
10398_125,1
4669_142,1
5382_113,1
641_73,1
13514_60,1
13153_141,1
8605_100,0
6617_91,1
1202_39,1
1521_32,1
2568_72,0
5015_18,1
16479_47,1
4823_45,1
7698_126,0
10113_148,1
16821_187,1
18736_2,1
8712_22,1
8586_102,1
289_135,1
2357_59,0
9535_30,1
171_47,0
14158_57,1
12998_64,1
16934_62,1
15429_46,1
3145_150,1
8863_131,1
8277_65,0
14048_148,1
18716_53,1
4680_99,1
13550_142,1
15092_179,1
7609_17,1
1521_34,1
14308_175,1
1910_130,1
16035_59,1
2511_115,1
6568_119,1
2849_34,1
12965_41,1
6390_74,1
505_46,0
678_140,1
12909_140,1
3632_87,1
19363_23,1
10462_167,1
3345_22,1
12387_176,1
9345_60,1
8373_82,0
12775_33,1
9919_81,0
10227_21,1
17084_157,1
4805_121,1
13637_147,1
19924_176,1
17875_50,1
12195_142,1
15043_61,1
12014_54,1
18418_114,1
4860_121,1
12128_137,1
8758_102,1
17003_58,1
9602_103,1
5_65,0
18976_16,1
469_34,1
18962_25,1
14021_175,1
5477_69,0
2709_74,1
13788_155,1
17456_46,0
12127_23,1
18611_140,1
11799_30,1
18348_155,1
7230_12,1
1820_64,1
5237_168,1
12879_137,1
18433_21,1
8926_85,1
11692_129,1
7222_48,1
1772_84,1
7874_163,1
16408_150,1
2499_119,1
7727_11,1
12529_24,1
4942_156,1
15407_95,1
9990_30,1
11629_23,1
18693_132,1
10889_50,0
1452_11,1
14427_171,1
8542_41,1
3020_21,1
6856_124,1
18640_44,1
106_54,1
17208_96,1
4813_72,1
12642_176,1
17245_159,1
6193_13,1
1289_122,1
19077_138,1
5485_160,1
10052_63,1
508_123,1
7726_127,1
798_15,1
12711_93,1
11913_125,0
903_118,1
11935_31,1
18403_121,1
4003_131,1
9271_164,1
17056_47,0
8317_84,1
7274_18,1
5484_34,1
19355_12,1
12588_105,1
4559_73,1
16323_43,1
18953_164,1
9784_135,1
6582_115,1
1192_69,0
13572_33,1
18823_52,1
17639_43,1
1149_11,1
144_4,1
6354_116,1
10434_166,1
18528_158,1
7536_23,1
17053_149,1
2577_65,0
1080_134,1
3875_26,1
13889_174,1
8201_82,1
17154_62,1
10508_135,1
5736_113,1
1082_54,1
19914_73,1
3853_132,1
5162_162,1
4332_31,1
704_161,1
2623_10,1
12157_127,0
1684_154,1
3377_75,1
10481_104,1
15832_149,1
2400_122,1
9874_139,1
8110_28,1
11677_127,1
5636_15,1
8278_167,1
13452_108,1
13507_175,1
6659_75,1
14921_111,1
12117_45,1
7320_81,1
2943_73,1
13968_35,1
4985_149,1
6834_66,1
13102_62,1
10134_132,1
17250_96,1
12792_89,1
4416_117,1
6938_49,1
8451_33,1
3561_125,1
344_157,1
4413_51,1
3131_50,1
13111_148,1
586_48,0
1251_76,1
12243_125,0
6670_118,1
9669_50,0
12250_29,1
1820_60,1
18593_0,1
7235_30,1
12400_38,1
1034_18,1
19662_61,1
12043_133,1
134_135,1
13540_112,1
5957_74,1
6691_113,1
5772_19,1
7639_73,1
12626_155,1
9306_131,1
5422_119,1
3692_121,1
3853_130,1
14146_35,1
13613_143,1
9433_165,1
7120_12,1
13216_88,1
2491_122,1
7234_68,0
17934_109,1
9581_162,1
16809_156,1
16250_65,1
17059_96,1
18341_131,1
8784_60,0
1369_146,1
11607_28,1
8999_52,1
11760_21,1
17604_150,1
19710_141,1
10890_164,1
14552_112,1
16661_96,1
19347_63,1
7000_20,1
2712_144,1
12732_151,1
5988_113,1
13249_186,1
15105_159,1
3723_122,1
12867_149,1
14031_38,1
8146_40,1
7782_29,1
320_50,0
10771_140,0
4211_59,1
13623_61,1
3420_113,1
968_130,1
10545_27,1
569_11,1
16206_43,1
117_52,1
3236_125,0
15607_155,1
6035_114,1
4122_27,1
8077_154,1
9588_29,1
15949_157,1
12675_95,1
12487_178,1
2917_95,1
5897_120,1
14873_98,1
13466_62,1
5737_77,1
16881_61,1
13532_138,1
9864_38,1
2509_109,1
6940_69,0
877_175,1
5900_19,1
7517_73,1
10253_130,1
9093_87,1
5610_58,0
1160_178,1
11450_26,1
15660_44,1
5205_127,1
14173_65,1
5535_170,1
6199_39,1
13107_33,1
15226_156,1
14390_176,1
11013_27,1
18128_159,1
8650_86,1
13123_34,1
35_55,1
10647_131,1
17296_44,1
14323_177,1
306_113,0
12170_28,1
13895_48,0
3875_27,1
6829_20,1
2164_10,1
7642_94,1
12257_135,1
10636_104,1
8630_135,1
5590_24,1
1933_65,1
1067_24,1
19347_62,1
16875_181,1
19884_151,1
12251_47,1
9733_166,1
440_94,1
9629_103,1
10884_34,1
10785_61,1
10526_125,1
11583_162,1
14396_145,1
16202_109,1
17317_159,1
7556_177,1
2453_118,1
18897_163,1
4051_135,1
11469_88,1
4572_115,1
5243_16,1
3009_64,1
7616_17,1
10553_128,1
3116_154,1
6669_11,1
14290_155,1
13182_36,1
6920_119,1
3987_145,1
10648_135,1
2143_89,0
8456_134,1
19280_158,1
16248_43,1
692_95,1
9626_150,1
13801_32,1
10_17,1
17363_44,1
4564_144,1
11461_125,0
11209_168,1
5733_139,1
1345_104,1
2181_71,1
14172_148,1
10773_54,1
558_82,0
6062_78,1
13166_147,1
11984_136,1
13990_175,1
8631_1,0
13545_39,1
1444_121,1
8164_103,1
15209_157,1
19148_131,1
6282_114,1
8540_21,1
14661_43,1
13652_170,1
12238_28,1
17878_96,1
6937_136,1
11782_28,1
12785_87,1
7785_131,1
1505_11,1
14663_47,0
11363_101,1
19210_133,1
12978_47,0
10377_134,1
14526_140,1
19620_80,1
10290_52,1
14981_112,1
13786_87,1
16253_182,1
13676_137,1
9254_21,1
12466_32,1
16845_149,1
8093_17,1
18185_184,1
2623_11,1
11175_125,0
8183_82,1
12589_142,1
314_161,1
136_16,1
14889_150,1
15402_62,1
15497_154,1
4623_36,1
7080_74,0
16762_149,1
9580_162,1
8662_24,1
15169_149,1
16542_183,1
10264_135,1
6883_84,1
12677_40,1
8677_89,1
4963_52,0
12299_38,1
8009_31,1
14371_138,1
8823_126,1
15864_151,1
13887_174,1
12985_51,1
12899_108,1
18707_100,1
4675_52,1
11175_150,0
11090_28,1
194_112,1
1352_6,0
1027_60,0
17287_152,1
19581_79,1
1883_48,0
18099_97,0
679_142,1
14468_171,1
10485_52,1
2661_2,0
19801_4,1
15538_109,1
11618_103,1
19116_135,1
8258_132,1
417_135,1
17781_46,1
3370_59,0
16785_159,1
7681_67,0
10498_153,1
4514_119,1
818_30,1
3857_83,1
13385_39,1
5158_101,1
12798_137,1
1179_95,1
18771_126,1
6238_63,1
15907_110,1
472_7,1
14144_50,1
11248_50,1
8904_85,1
6576_74,1
2026_81,0
3806_151,1
12250_25,1
9691_128,0
13047_152,1
16175_185,1
8670_86,0
19843_112,1
13430_38,1
3776_86,1
10414_128,1
12475_34,1
6773_78,1
17468_154,1
10196_27,1
19517_24,1
18997_148,1
4829_115,1
4474_145,1
13635_32,1
4639_147,1
13977_61,1
14763_149,1
5341_11,1
19405_160,1
6062_74,1
16261_157,1
3837_122,1
4121_124,1
19958_43,0
17884_74,1
9207_131,1
19591_62,1
14231_175,1
3050_123,1
493_82,1
12960_175,1
1785_5,1
15969_44,0
15677_150,1
9091_131,1
18066_139,1
18596_51,1
4920_66,0
15837_98,1
18260_159,1
6963_17,1
4582_31,1
16459_185,1
17520_61,1
8862_24,1
4474_141,1
18521_144,1
15555_154,1
1221_135,1
16130_160,1
15761_156,1
1648_140,1
5154_176,1
7432_65,0
13437_36,1
8536_136,1
2655_128,1
12129_128,1
10459_23,1
9978_86,0
19010_36,1
6726_10,1
675_121,1
14215_139,0
450_1,0
19359_76,1
16758_43,1
3443_78,1
16493_154,1
18220_45,1
911_120,1
1717_131,1
136_20,1
15928_58,1
7579_58,1
3151_118,1
7620_130,1
14727_183,1
19840_43,1
11915_30,1
4178_115,1
2072_27,1
9438_48,0
455_133,1
2159_20,1
14044_48,1
4446_43,1
4754_140,1
11431_52,1
6277_34,1
7581_123,1
8641_25,1
17240_183,1
13126_171,1
14762_100,1
8235_84,1
1457_10,1
7097_10,1
18045_82,1
18272_38,1
7915_66,1
7913_68,1
2192_57,1
12096_21,1
693_131,1
11003_128,0
1754_27,1
7922_10,1
16244_94,1
16299_156,1
11335_61,1
16772_43,0
17878_95,1
7688_12,1
18532_32,1
9098_103,1
4138_66,1
9151_84,1
871_127,1
16216_62,1
14715_45,0
13276_49,0
4548_127,1
8348_125,1
19606_158,1
13975_34,1
3066_123,1
15974_46,0
5085_105,1
2652_25,1
4672_17,1
7994_126,1
18648_21,1
3130_43,1
5207_85,1
12350_144,1
12464_25,1
7166_58,0
8591_130,1
19456_95,1
8865_158,1
14782_109,1
6519_77,1
7888_160,1
1198_156,1
3094_7,0
1580_70,1
1389_115,1
9080_133,1
162_23,1
13489_156,1
2579_78,1
13821_33,1
310_66,1
18838_27,1
18568_113,1
17976_84,1
8815_81,0
7603_78,1
14411_93,0
7106_113,1
10783_126,0
11003_129,0
19135_74,1
14444_142,1
16277_149,1
6552_145,1
3944_73,1
9934_137,1
3882_161,1
3426_38,1
13063_142,1
5667_82,1
4467_119,1
